user	item	timestamp	rating
18	514	-3-	3
18	388	-3-	4
18	5	-3-	5
18	519	-3-	3
18	520	-3-	5
18	521	-3-	3
18	522	-3-	4
18	369	-3-	4
18	344	-3-	3
18	44	-3-	5
18	23	-3-	3
18	152	-3-	5
18	540	-3-	3
18	90	-3-	5
18	30	-3-	5
18	645	-3-	3
18	545	-3-	5
18	546	-3-	5
18	91	-3-	5
18	987	-3-	4
18	549	-3-	5
18	926	-3-	4
18	167	-3-	4
18	40	-3-	5
18	92	-3-	5
18	42	-3-	3
18	43	-3-	4
18	78	-3-	4
18	989	-3-	3
18	562	-3-	4
18	28	-3-	4
18	94	-3-	4
18	950	-3-	4
18	137	-3-	3
18	58	-3-	3
18	190	-3-	4
18	501	-3-	3
18	718	-3-	3
18	65	-3-	4
18	962	-3-	4
18	459	-3-	5
18	966	-3-	4
18	71	-3-	4
18	200	-3-	4
18	460	-3-	4
18	331	-3-	4
18	332	-3-	3
18	717	-3-	3
18	462	-3-	5
18	463	-3-	5
18	723	-3-	4
18	341	-3-	3
18	472	-3-	1
18	89	-3-	3
18	346	-3-	4
18	335	-3-	2
18	988	-3-	2
18	93	-3-	3
18	350	-3-	2
18	351	-3-	4
18	993	-3-	3
18	742	-3-	2
18	360	-3-	2
18	29	-3-	3
18	493	-3-	2
18	494	-3-	2
18	496	-3-	4
18	497	-3-	2
18	373	-3-	5
18	118	-3-	4
18	503	-3-	4
18	504	-3-	4
18	505	-3-	3
18	959	-3-	1
18	810	-3-	5
18	126	-3-	4
18	383	-3-	3
4	384	-3-	3
4	641	-3-	4
4	642	-3-	5
4	727	-3-	5
4	653	-3-	4
4	728	-3-	3
4	942	-3-	1
4	281	-3-	2
4	543	-3-	1
4	930	-3-	1
4	932	-3-	3
4	933	-3-	1
4	935	-3-	2
4	46	-3-	2
4	943	-3-	2
4	564	-3-	3
4	565	-3-	3
4	566	-3-	3
4	567	-3-	4
4	568	-3-	4
4	825	-3-	4
4	700	-3-	3
4	718	-3-	1
4	965	-3-	1
4	329	-3-	2
4	717	-3-	2
4	846	-3-	2
4	977	-3-	1
4	979	-3-	1
4	980	-3-	1
4	981	-3-	2
4	982	-3-	3
4	855	-3-	3
4	856	-3-	4
4	985	-3-	3
4	991	-3-	3
4	100	-3-	3
4	870	-3-	4
4	109	-3-	2
4	367	-3-	3
4	368	-3-	2
4	85	-3-	2
24	384	-3-	4
24	774	-3-	5
24	519	-3-	1
24	648	-3-	4
24	650	-3-	4
24	396	-3-	3
24	915	-3-	3
24	167	-3-	5
24	160	-3-	5
24	929	-3-	5
24	930	-3-	5
24	931	-3-	5
24	932	-3-	5
24	933	-3-	5
24	934	-3-	5
24	935	-3-	5
24	937	-3-	3
24	46	-3-	3
24	564	-3-	4
24	565	-3-	5
24	566	-3-	5
24	567	-3-	5
24	568	-3-	4
24	825	-3-	2
24	570	-3-	4
24	571	-3-	5
24	188	-3-	2
24	830	-3-	3
24	320	-3-	3
24	68	-3-	2
24	965	-3-	3
24	328	-3-	3
24	73	-3-	3
24	331	-3-	2
24	461	-3-	3
24	334	-3-	3
24	465	-3-	3
24	902	-3-	4
24	569	-3-	5
24	347	-3-	3
24	869	-3-	4
24	870	-3-	3
24	551	-3-	4
24	492	-3-	2
24	109	-3-	5
24	373	-3-	3
24	761	-3-	2
24	763	-3-	4
24	102	-3-	4
24	126	-3-	3
24	767	-3-	4
17	513	-3-	3
17	898	-3-	3
17	516	-3-	4
17	901	-3-	3
17	518	-3-	5
17	264	-3-	5
17	394	-3-	3
17	45	-3-	2
17	12	-3-	1
17	143	-3-	2
17	401	-3-	4
17	402	-3-	4
17	451	-3-	5
17	405	-3-	5
17	662	-3-	4
17	535	-3-	4
17	24	-3-	4
17	539	-3-	4
17	541	-3-	3
17	542	-3-	4
17	543	-3-	5
17	544	-3-	4
17	550	-3-	4
17	297	-3-	3
17	557	-3-	3
17	558	-3-	3
17	945	-3-	4
17	51	-3-	4
17	201	-3-	4
17	60	-3-	5
17	61	-3-	2
17	190	-3-	2
17	192	-3-	3
17	96	-3-	3
17	75	-3-	4
17	326	-3-	1
17	327	-3-	4
17	584	-3-	5
17	329	-3-	4
17	586	-3-	4
17	587	-3-	3
17	76	-3-	4
17	205	-3-	4
17	79	-3-	3
17	80	-3-	1
17	81	-3-	4
17	82	-3-	3
17	83	-3-	5
17	84	-3-	4
17	85	-3-	3
17	203	-3-	4
17	868	-3-	4
17	990	-3-	3
17	224	-3-	4
17	866	-3-	4
17	995	-3-	2
17	996	-3-	4
17	997	-3-	2
17	872	-3-	2
17	755	-3-	2
17	204	-3-	4
17	992	-3-	3
17	252	-3-	1
21	512	-3-	4
21	390	-3-	4
21	650	-3-	4
21	653	-3-	3
21	527	-3-	4
21	528	-3-	4
21	529	-3-	3
21	915	-3-	4
21	536	-3-	4
21	928	-3-	5
21	929	-3-	4
21	930	-3-	3
21	931	-3-	3
21	932	-3-	3
21	933	-3-	4
21	934	-3-	3
21	935	-3-	3
21	936	-3-	2
21	937	-3-	3
21	170	-3-	5
21	941	-3-	4
21	46	-3-	3
21	948	-3-	5
21	949	-3-	4
21	950	-3-	2
21	567	-3-	4
21	568	-3-	4
21	564	-3-	4
21	570	-3-	4
21	188	-3-	4
21	565	-3-	4
21	160	-3-	5
21	963	-3-	2
21	566	-3-	4
21	73	-3-	3
21	330	-3-	2
21	459	-3-	5
21	975	-3-	2
21	976	-3-	2
21	569	-3-	4
21	825	-3-	3
21	986	-3-	4
21	987	-3-	3
21	349	-3-	3
21	222	-3-	3
21	98	-3-	4
21	103	-3-	5
21	104	-3-	4
21	551	-3-	4
21	109	-3-	4
21	766	-3-	3
21	767	-3-	5
12	513	-3-	4
12	514	-3-	3
12	644	-3-	3
12	645	-3-	3
12	518	-3-	3
12	519	-3-	4
12	136	-3-	2
12	137	-3-	3
12	522	-3-	4
12	898	-3-	3
12	21	-3-	4
12	662	-3-	2
12	397	-3-	3
12	90	-3-	3
12	901	-3-	3
12	161	-3-	2
12	91	-3-	3
12	862	-3-	3
12	497	-3-	2
12	297	-3-	3
12	810	-3-	2
12	989	-3-	2
12	206	-3-	3
12	648	-3-	3
12	990	-3-	3
12	351	-3-	3
12	702	-3-	3
12	501	-3-	3
12	192	-3-	3
12	707	-3-	3
12	93	-3-	3
12	966	-3-	3
12	328	-3-	3
12	713	-3-	3
12	462	-3-	3
12	463	-3-	3
12	464	-3-	3
12	888	-3-	3
12	82	-3-	3
12	84	-3-	3
12	334	-3-	3
12	472	-3-	4
12	346	-3-	3
12	79	-3-	5
12	988	-3-	3
12	221	-3-	4
12	350	-3-	2
12	735	-3-	3
12	737	-3-	3
12	738	-3-	3
12	739	-3-	3
12	81	-3-	3
12	744	-3-	3
12	743	-3-	3
12	492	-3-	3
12	494	-3-	3
12	369	-3-	3
12	757	-3-	3
12	118	-3-	3
12	264	-3-	3
12	504	-3-	3
12	505	-3-	2
12	378	-3-	2
12	126	-3-	4
16	896	-3-	2
16	897	-3-	2
16	259	-3-	4
16	900	-3-	3
16	261	-3-	2
16	1	-3-	4
16	1033	-3-	5
16	791	-3-	4
16	908	-3-	4
16	526	-3-	4
16	1005	-3-	3
16	144	-3-	5
16	323	-3-	4
16	789	-3-	3
16	790	-3-	4
16	151	-3-	3
16	794	-3-	2
16	283	-3-	2
16	412	-3-	1
16	285	-3-	4
16	286	-3-	3
16	287	-3-	4
16	289	-3-	2
16	163	-3-	2
16	164	-3-	4
16	421	-3-	4
16	1024	-3-	3
16	423	-3-	3
16	298	-3-	2
16	615	-3-	2
16	813	-3-	3
16	814	-3-	3
16	304	-3-	2
16	305	-3-	2
16	434	-3-	2
16	1011	-3-	3
16	310	-3-	2
16	316	-3-	2
16	885	-3-	4
16	1001	-3-	4
16	603	-3-	2
16	835	-3-	3
16	822	-3-	4
16	841	-3-	2
16	887	-3-	3
16	803	-3-	3
16	340	-3-	2
16	301	-3-	2
16	911	-3-	4
16	609	-3-	4
16	610	-3-	3
16	611	-3-	3
16	228	-3-	5
16	894	-3-	4
16	231	-3-	2
16	232	-3-	2
16	1022	-3-	3
16	1003	-3-	4
16	621	-3-	3
16	622	-3-	2
16	1008	-3-	2
16	1009	-3-	3
16	243	-3-	3
16	884	-3-	2
16	245	-3-	3
16	886	-3-	3
16	631	-3-	4
16	1018	-3-	1
16	1019	-3-	2
16	1021	-3-	3
16	254	-3-	3
25	896	-3-	4
25	897	-3-	1
25	899	-3-	2
25	261	-3-	3
25	1	-3-	3
25	905	-3-	4
25	231	-3-	2
25	910	-3-	2
25	813	-3-	3
25	914	-3-	3
25	151	-3-	1
25	664	-3-	4
25	410	-3-	4
25	283	-3-	2
25	412	-3-	3
25	669	-3-	4
25	158	-3-	3
25	927	-3-	4
25	417	-3-	4
25	798	-3-	4
25	163	-3-	3
25	666	-3-	3
25	679	-3-	3
25	681	-3-	3
25	682	-3-	3
25	683	-3-	3
25	301	-3-	3
25	814	-3-	3
25	797	-3-	3
25	304	-3-	4
25	305	-3-	4
25	820	-3-	4
25	437	-3-	4
25	822	-3-	4
25	311	-3-	4
25	312	-3-	4
25	436	-3-	3
25	159	-3-	3
25	411	-3-	4
25	821	-3-	4
25	321	-3-	4
25	323	-3-	4
25	670	-3-	4
25	841	-3-	3
25	887	-3-	3
25	884	-3-	4
25	352	-3-	4
25	851	-3-	4
25	340	-3-	3
25	853	-3-	4
25	600	-3-	4
25	602	-3-	4
25	286	-3-	4
25	604	-3-	4
25	608	-3-	4
25	246	-3-	1
25	610	-3-	3
25	613	-3-	3
25	615	-3-	3
25	233	-3-	1
25	235	-3-	3
25	237	-3-	3
25	622	-3-	4
25	624	-3-	3
25	241	-3-	4
25	243	-3-	4
25	285	-3-	4
25	885	-3-	4
25	630	-3-	4
25	631	-3-	4
25	632	-3-	3
25	634	-3-	3
25	892	-3-	4
25	253	-3-	4
25	894	-3-	4
22	299	-3-	2
22	261	-3-	1
22	1033	-3-	1
22	158	-3-	2
22	1018	-3-	4
22	144	-3-	4
22	789	-3-	1
22	665	-3-	5
22	410	-3-	1
22	667	-3-	3
22	669	-3-	3
22	286	-3-	5
22	287	-3-	1
22	417	-3-	1
22	677	-3-	2
22	666	-3-	3
22	1007	-3-	5
22	683	-3-	2
22	814	-3-	5
22	797	-3-	1
22	304	-3-	4
22	305	-3-	4
22	434	-3-	4
22	243	-3-	4
22	820	-3-	5
22	437	-3-	2
22	310	-3-	1
22	311	-3-	1
22	323	-3-	2
22	285	-3-	4
22	841	-3-	2
22	340	-3-	1
22	853	-3-	2
22	1017	-3-	1
22	600	-3-	4
22	228	-3-	1
22	605	-3-	1
22	246	-3-	1
22	610	-3-	2
22	356	-3-	4
22	231	-3-	1
22	232	-3-	3
22	234	-3-	5
22	235	-3-	5
22	622	-3-	3
22	623	-3-	3
22	238	-3-	5
22	242	-3-	2
22	1011	-3-	2
22	628	-3-	1
22	1013	-3-	1
22	630	-3-	5
22	1016	-3-	3
22	249	-3-	5
22	250	-3-	4
22	1019	-3-	4
13	384	-3-	3
13	385	-3-	4
13	387	-3-	4
13	388	-3-	5
13	774	-3-	4
13	263	-3-	3
13	650	-3-	3
13	983	-3-	3
13	12	-3-	2
13	653	-3-	4
13	15	-3-	3
13	16	-3-	3
13	451	-3-	5
13	640	-3-	3
13	495	-3-	5
13	926	-3-	4
13	31	-3-	3
13	160	-3-	5
13	551	-3-	5
13	425	-3-	3
13	170	-3-	4
13	941	-3-	4
13	709	-3-	3
13	948	-3-	2
13	949	-3-	4
13	950	-3-	4
13	825	-3-	2
13	954	-3-	4
13	394	-3-	5
13	962	-3-	4
13	395	-3-	5
13	965	-3-	3
13	710	-3-	3
13	330	-3-	3
13	75	-3-	2
13	77	-3-	5
13	979	-3-	5
13	855	-3-	4
13	984	-3-	4
13	996	-3-	4
13	987	-3-	3
13	860	-3-	5
13	222	-3-	5
13	98	-3-	3
13	995	-3-	4
13	100	-3-	5
13	997	-3-	4
13	872	-3-	3
13	367	-3-	5
13	915	-3-	2
13	766	-3-	3
13	343	-3-	4
13	382	-3-	5
23	384	-3-	3
23	640	-3-	3
23	770	-3-	1
23	388	-3-	4
23	774	-3-	3
23	263	-3-	4
23	650	-3-	3
23	653	-3-	3
23	915	-3-	4
23	160	-3-	4
23	167	-3-	3
23	170	-3-	4
23	46	-3-	3
23	564	-3-	3
23	565	-3-	3
23	566	-3-	3
23	825	-3-	3
23	570	-3-	3
23	571	-3-	3
23	188	-3-	4
23	829	-3-	4
23	830	-3-	4
23	569	-3-	3
23	330	-3-	5
23	465	-3-	3
23	983	-3-	4
23	984	-3-	4
23	986	-3-	4
23	987	-3-	3
23	860	-3-	2
23	991	-3-	4
23	98	-3-	3
23	100	-3-	4
23	869	-3-	4
23	551	-3-	5
23	495	-3-	4
23	761	-3-	5
14	1024	-3-	2
14	899	-3-	1
14	900	-3-	1
14	1031	-3-	1
14	905	-3-	3
14	11	-3-	3
14	909	-3-	3
14	910	-3-	1
14	785	-3-	3
14	9	-3-	3
14	537	-3-	3
14	154	-3-	1
14	159	-3-	1
14	800	-3-	1
14	304	-3-	3
14	162	-3-	3
14	676	-3-	3
14	165	-3-	1
14	817	-3-	3
14	683	-3-	3
14	303	-3-	3
14	432	-3-	4
14	433	-3-	1
14	820	-3-	3
14	311	-3-	1
14	321	-3-	1
14	837	-3-	1
14	838	-3-	1
14	839	-3-	1
14	164	-3-	3
14	246	-3-	1
14	236	-3-	3
14	1006	-3-	1
14	1010	-3-	3
14	883	-3-	1
14	1014	-3-	1
14	299	-3-	3
14	1016	-3-	2
14	1017	-3-	1
14	1022	-3-	3
5	896	-3-	5
5	897	-3-	3
5	1010	-3-	4
5	1	-3-	4
5	904	-3-	2
5	9	-3-	3
5	138	-3-	1
5	301	-3-	3
5	144	-3-	4
5	913	-3-	3
5	531	-3-	4
5	622	-3-	4
5	791	-3-	4
5	666	-3-	3
5	669	-3-	5
5	287	-3-	4
5	288	-3-	1
5	417	-3-	3
5	803	-3-	3
5	420	-3-	4
5	677	-3-	4
5	678	-3-	4
5	296	-3-	2
5	298	-3-	3
5	813	-3-	4
5	815	-3-	4
5	307	-3-	2
5	1033	-3-	3
5	822	-3-	3
5	951	-3-	3
5	952	-3-	4
5	953	-3-	3
5	310	-3-	3
5	848	-3-	1
5	312	-3-	2
5	852	-3-	1
5	600	-3-	4
5	164	-3-	2
5	604	-3-	4
5	610	-3-	3
5	166	-3-	3
5	1001	-3-	4
5	1002	-3-	4
5	1005	-3-	3
5	1006	-3-	4
5	626	-3-	3
5	884	-3-	4
5	885	-3-	4
5	887	-3-	3
5	506	-3-	1
5	1019	-3-	2
5	892	-3-	4
5	894	-3-	2
6	896	-3-	2
6	256	-3-	2
6	2	-3-	2
6	899	-3-	2
6	905	-3-	2
6	910	-3-	2
6	499	-3-	4
6	914	-3-	2
6	131	-3-	4
6	171	-3-	5
6	665	-3-	3
6	666	-3-	4
6	797	-3-	1
6	417	-3-	3
6	676	-3-	1
6	892	-3-	3
6	682	-3-	1
6	683	-3-	2
6	428	-3-	1
6	685	-3-	4
6	814	-3-	3
6	175	-3-	4
6	176	-3-	4
6	434	-3-	3
6	179	-3-	4
6	820	-3-	1
6	437	-3-	3
6	1033	-3-	2
6	244	-3-	2
6	189	-3-	3
6	885	-3-	3
6	835	-3-	3
6	847	-3-	3
6	336	-3-	5
6	849	-3-	4
6	340	-3-	3
6	249	-3-	2
6	600	-3-	2
6	857	-3-	3
6	602	-3-	1
6	604	-3-	1
6	223	-3-	3
6	610	-3-	3
6	894	-3-	3
6	231	-3-	3
6	104	-3-	3
6	361	-3-	4
6	235	-3-	2
6	1005	-3-	3
6	238	-3-	2
6	232	-3-	3
6	622	-3-	2
6	243	-3-	3
6	884	-3-	4
6	1013	-3-	2
6	630	-3-	1
6	887	-3-	3
6	632	-3-	1
6	852	-3-	5
6	1018	-3-	5
6	1019	-3-	3
6	764	-3-	3
6	1021	-3-	3
6	1022	-3-	4
15	512	-3-	2
15	385	-3-	5
15	388	-3-	4
15	902	-3-	3
15	513	-3-	3
15	520	-3-	3
15	521	-3-	3
15	397	-3-	3
15	222	-3-	4
15	472	-3-	2
15	384	-3-	4
15	536	-3-	3
15	926	-3-	4
15	545	-3-	4
15	549	-3-	4
15	934	-3-	4
15	40	-3-	3
15	937	-3-	3
15	810	-3-	4
15	942	-3-	3
15	943	-3-	3
15	856	-3-	4
15	562	-3-	3
15	563	-3-	5
15	564	-3-	4
15	565	-3-	4
15	566	-3-	3
15	137	-3-	5
15	954	-3-	5
15	351	-3-	4
15	962	-3-	3
15	963	-3-	4
15	68	-3-	2
15	966	-3-	4
15	161	-3-	3
15	823	-3-	3
15	460	-3-	3
15	335	-3-	3
15	976	-3-	3
15	977	-3-	2
15	978	-3-	3
15	979	-3-	4
15	980	-3-	4
15	981	-3-	3
15	982	-3-	3
15	855	-3-	5
15	344	-3-	3
15	985	-3-	3
15	152	-3-	3
15	975	-3-	3
15	350	-3-	2
15	991	-3-	2
15	464	-3-	3
15	102	-3-	3
15	870	-3-	4
15	359	-3-	4
15	495	-3-	3
15	496	-3-	4
15	369	-3-	2
15	501	-3-	2
15	503	-3-	4
15	505	-3-	4
15	762	-3-	3
19	257	-3-	3
19	258	-3-	4
19	260	-3-	3
19	262	-3-	4
19	307	-3-	2
19	10	-3-	5
19	140	-3-	2
19	909	-3-	4
19	142	-3-	2
19	911	-3-	4
19	144	-3-	3
19	9	-3-	3
19	238	-3-	4
19	150	-3-	2
19	663	-3-	3
19	900	-3-	5
19	1011	-3-	5
19	672	-3-	5
19	421	-3-	4
19	678	-3-	5
19	434	-3-	3
19	626	-3-	5
19	306	-3-	3
19	947	-3-	3
19	310	-3-	2
19	905	-3-	5
19	952	-3-	5
19	953	-3-	5
19	6	-3-	5
19	835	-3-	4
19	908	-3-	4
19	910	-3-	1
19	356	-3-	3
19	506	-3-	3
19	229	-3-	2
19	609	-3-	5
19	611	-3-	4
19	228	-3-	2
19	166	-3-	5
19	230	-3-	5
19	1001	-3-	5
19	1002	-3-	3
19	1003	-3-	5
19	621	-3-	5
19	1006	-3-	3
19	623	-3-	5
19	1010	-3-	5
19	883	-3-	4
19	1013	-3-	3
19	886	-3-	5
19	1016	-3-	3
19	122	-3-	3
19	251	-3-	5
19	165	-3-	3
10	64	-3-	2
10	514	-3-	2
10	515	-3-	2
10	644	-3-	2
10	645	-3-	3
10	519	-3-	2
10	648	-3-	2
10	137	-3-	2
10	522	-3-	3
10	267	-3-	3
10	652	-3-	2
10	915	-3-	2
10	388	-3-	3
10	540	-3-	1
10	986	-3-	2
10	30	-3-	2
10	5	-3-	2
10	545	-3-	3
10	546	-3-	1
10	35	-3-	2
10	369	-3-	2
10	169	-3-	4
10	810	-3-	5
10	263	-3-	1
10	136	-3-	3
10	562	-3-	4
10	392	-3-	1
10	59	-3-	1
10	501	-3-	1
10	320	-3-	2
10	65	-3-	1
10	962	-3-	1
10	139	-3-	4
10	197	-3-	1
10	966	-3-	1
10	328	-3-	1
10	331	-3-	1
10	332	-3-	1
10	717	-3-	1
10	334	-3-	3
10	170	-3-	4
10	718	-3-	1
10	284	-3-	2
10	344	-3-	2
10	346	-3-	2
10	347	-3-	2
10	221	-3-	3
10	862	-3-	1
10	351	-3-	4
10	993	-3-	2
10	994	-3-	2
10	102	-3-	4
10	103	-3-	4
10	360	-3-	2
10	492	-3-	1
10	493	-3-	2
10	494	-3-	3
10	495	-3-	4
10	496	-3-	2
10	497	-3-	3
10	499	-3-	3
10	500	-3-	4
10	757	-3-	2
10	118	-3-	2
10	503	-3-	2
10	504	-3-	3
10	505	-3-	2
10	200	-3-	3
10	426	-3-	2
10	126	-3-	1
1	192	-3-	4
1	770	-3-	4
1	387	-3-	4
1	772	-3-	3
1	773	-3-	3
1	729	-3-	4
1	343	-3-	3
1	77	-3-	4
1	759	-3-	4
1	401	-3-	4
1	402	-3-	4
1	707	-3-	3
1	405	-3-	4
1	345	-3-	4
1	202	-3-	4
1	74	-3-	4
1	197	-3-	3
1	419	-3-	4
1	198	-3-	4
1	167	-3-	4
1	426	-3-	4
1	427	-3-	4
1	172	-3-	4
1	558	-3-	4
1	176	-3-	4
1	199	-3-	4
1	696	-3-	4
1	825	-3-	4
1	570	-3-	4
1	59	-3-	4
1	60	-3-	4
1	61	-3-	4
1	958	-3-	4
1	64	-3-	4
1	193	-3-	4
1	194	-3-	4
1	195	-3-	4
1	196	-3-	4
1	569	-3-	3
1	710	-3-	3
1	583	-3-	4
1	584	-3-	4
1	586	-3-	4
1	75	-3-	4
1	716	-3-	4
1	845	-3-	4
1	719	-3-	4
1	720	-3-	4
1	721	-3-	4
1	722	-3-	4
1	83	-3-	4
1	724	-3-	4
1	85	-3-	4
1	726	-3-	4
1	87	-3-	4
1	728	-3-	4
1	857	-3-	4
1	730	-3-	4
1	731	-3-	4
1	732	-3-	4
1	733	-3-	4
1	734	-3-	4
1	96	-3-	4
1	993	-3-	4
1	354	-3-	4
1	571	-3-	4
1	996	-3-	4
1	997	-3-	4
1	871	-3-	4
1	872	-3-	4
1	466	-3-	4
1	711	-3-	3
1	104	-3-	4
1	756	-3-	4
1	375	-3-	4
1	121	-3-	4
1	893	-3-	4
1	766	-3-	4
9	1024	-3-	3
9	3	-3-	3
9	1033	-3-	2
9	785	-3-	3
9	914	-3-	1
9	789	-3-	4
9	366	-3-	3
9	667	-3-	4
9	156	-3-	3
9	670	-3-	3
9	672	-3-	3
9	624	-3-	1
9	805	-3-	3
9	679	-3-	3
9	681	-3-	3
9	938	-3-	1
9	555	-3-	1
9	556	-3-	1
9	882	-3-	1
9	818	-3-	3
9	798	-3-	3
9	628	-3-	1
9	317	-3-	2
9	821	-3-	4
9	352	-3-	3
9	684	-3-	1
9	289	-3-	3
9	842	-3-	3
9	843	-3-	4
9	337	-3-	1
9	596	-3-	1
9	342	-3-	3
9	625	-3-	2
9	602	-3-	3
9	220	-3-	2
9	606	-3-	2
9	608	-3-	3
9	610	-3-	3
9	612	-3-	4
9	613	-3-	4
9	614	-3-	3
9	1020	-3-	3
9	235	-3-	4
9	620	-3-	3
9	237	-3-	4
9	622	-3-	4
9	1007	-3-	3
9	240	-3-	2
9	881	-3-	2
9	242	-3-	3
9	116	-3-	1
9	629	-3-	2
9	1014	-3-	1
9	632	-3-	3
9	251	-3-	4
9	892	-3-	2
9	682	-3-	2
9	1023	-3-	3
11	1029	-3-	5
11	646	-3-	5
11	397	-3-	4
11	398	-3-	3
11	143	-3-	4
11	536	-3-	2
11	539	-3-	2
11	541	-3-	3
11	5	-3-	4
11	544	-3-	3
11	545	-3-	3
11	290	-3-	5
11	549	-3-	2
11	169	-3-	5
11	940	-3-	4
11	685	-3-	4
11	302	-3-	2
11	902	-3-	5
11	823	-3-	4
11	315	-3-	3
11	319	-3-	3
11	322	-3-	4
11	67	-3-	4
11	68	-3-	4
11	458	-3-	5
11	459	-3-	5
11	460	-3-	5
11	464	-3-	5
11	466	-3-	5
11	467	-3-	5
11	341	-3-	5
11	598	-3-	2
11	346	-3-	3
11	863	-3-	3
11	226	-3-	4
11	101	-3-	4
11	358	-3-	4
11	338	-3-	3
11	372	-3-	3
11	759	-3-	3
11	760	-3-	5
11	121	-3-	4
11	762	-3-	5
11	763	-3-	3
11	102	-3-	4
11	639	-3-	5
7	512	-3-	4
7	513	-3-	5
7	518	-3-	4
7	136	-3-	3
7	137	-3-	4
7	523	-3-	3
7	397	-3-	4
7	398	-3-	4
7	536	-3-	5
7	152	-3-	4
7	161	-3-	2
7	290	-3-	3
7	902	-3-	4
7	169	-3-	4
7	685	-3-	2
7	561	-3-	3
7	823	-3-	3
7	117	-3-	5
7	319	-3-	4
7	322	-3-	4
7	66	-3-	3
7	966	-3-	4
7	464	-3-	4
7	467	-3-	3
7	472	-3-	3
7	473	-3-	2
7	988	-3-	4
7	989	-3-	5
7	863	-3-	4
7	101	-3-	4
7	102	-3-	4
7	496	-3-	3
7	497	-3-	4
7	499	-3-	5
7	501	-3-	4
7	505	-3-	3
7	511	-3-	4
7	639	-3-	5
3	258	-3-	3
3	259	-3-	2
3	260	-3-	3
3	1029	-3-	3
3	6	-3-	3
3	503	-3-	2
3	521	-3-	3
3	10	-3-	1
3	523	-3-	2
3	911	-3-	1
3	786	-3-	2
3	787	-3-	2
3	790	-3-	1
3	663	-3-	3
3	4	-3-	1
3	282	-3-	1
3	284	-3-	3
3	947	-3-	2
3	645	-3-	2
3	801	-3-	2
3	802	-3-	2
3	262	-3-	2
3	241	-3-	1
3	540	-3-	3
3	810	-3-	3
3	811	-3-	2
3	306	-3-	2
3	819	-3-	2
3	649	-3-	2
3	314	-3-	4
3	501	-3-	1
3	966	-3-	1
3	375	-3-	1
3	759	-3-	1
3	461	-3-	2
3	462	-3-	1
3	463	-3-	2
3	335	-3-	1
3	421	-3-	1
3	230	-3-	5
3	359	-3-	1
3	496	-3-	2
3	1009	-3-	1
3	499	-3-	2
3	245	-3-	2
3	886	-3-	3
3	631	-3-	1
3	504	-3-	3
3	505	-3-	1
3	378	-3-	1
3	511	-3-	1
2	512	-3-	4
2	641	-3-	3
2	642	-3-	4
2	385	-3-	5
2	983	-3-	4
2	13	-3-	4
2	527	-3-	3
2	17	-3-	4
2	18	-3-	4
2	19	-3-	4
2	23	-3-	4
2	25	-3-	5
2	943	-3-	4
2	30	-3-	5
2	160	-3-	5
2	734	-3-	4
2	35	-3-	4
2	36	-3-	3
2	167	-3-	4
2	937	-3-	3
2	426	-3-	3
2	941	-3-	2
2	942	-3-	2
2	559	-3-	2
2	563	-3-	3
2	564	-3-	4
2	949	-3-	2
2	950	-3-	4
2	954	-3-	5
2	188	-3-	4
2	190	-3-	3
2	565	-3-	4
2	960	-3-	3
2	193	-3-	4
2	194	-3-	2
2	196	-3-	3
2	197	-3-	4
2	198	-3-	4
2	199	-3-	3
2	200	-3-	3
2	717	-3-	3
2	718	-3-	4
2	975	-3-	4
2	976	-3-	5
2	977	-3-	4
2	978	-3-	4
2	723	-3-	5
2	980	-3-	5
2	981	-3-	5
2	982	-3-	5
2	855	-3-	5
2	856	-3-	5
2	985	-3-	5
2	730	-3-	4
2	987	-3-	4
2	860	-3-	3
2	733	-3-	2
2	222	-3-	3
2	991	-3-	4
2	993	-3-	4
2	870	-3-	5
2	742	-3-	4
2	721	-3-	3
2	360	-3-	4
2	566	-3-	2
2	367	-3-	5
2	984	-3-	3
2	958	-3-	2
2	345	-3-	3
8	263	-3-	3
8	650	-3-	2
8	527	-3-	4
8	528	-3-	3
8	529	-3-	3
8	926	-3-	4
8	928	-3-	3
8	929	-3-	2
8	930	-3-	2
8	931	-3-	3
8	932	-3-	2
8	933	-3-	3
8	935	-3-	2
8	937	-3-	1
8	170	-3-	3
8	46	-3-	3
8	948	-3-	4
8	565	-3-	2
8	566	-3-	4
8	825	-3-	2
8	570	-3-	4
8	188	-3-	2
8	949	-3-	4
8	962	-3-	2
8	569	-3-	2
8	222	-3-	3
8	870	-3-	3
20	384	-3-	2
20	385	-3-	3
20	642	-3-	3
20	388	-3-	4
20	774	-3-	4
20	653	-3-	3
20	46	-3-	3
20	926	-3-	3
20	160	-3-	2
20	948	-3-	3
20	170	-3-	3
20	171	-3-	3
20	428	-3-	4
20	942	-3-	2
20	179	-3-	5
20	564	-3-	3
20	565	-3-	3
20	566	-3-	3
20	569	-3-	3
20	954	-3-	2
20	571	-3-	3
20	188	-3-	1
20	189	-3-	5
20	949	-3-	2
20	963	-3-	2
20	965	-3-	2
20	977	-3-	2
20	979	-3-	2
20	983	-3-	1
20	570	-3-	3
20	222	-3-	3
20	991	-3-	2
20	98	-3-	3
20	100	-3-	2
20	870	-3-	3
20	104	-3-	3
20	764	-3-	3
20	766	-3-	4
1	49	-3-	2
1	50	-3-	1
1	51	-3-	1
1	52	-3-	2
1	53	-3-	1
1	54	-3-	1
1	55	-3-	1
1	56	-3-	1
1	57	-3-	1
1	50	-3-	1
2	105	-3-	1
2	106	-3-	2
2	107	-3-	2
2	108	-3-	1
2	109	-3-	1
2	110	-3-	2
2	111	-3-	2
2	112	-3-	1
2	113	-3-	1
2	114	-3-	1
3	40	-3-	1
3	132	-3-	1
3	133	-3-	1
3	134	-3-	1
3	145	-3-	1
3	146	-3-	2
3	147	-3-	1
3	148	-3-	1
3	69	-3-	1
3	149	-3-	1
3	158	-3-	2
3	59	-3-	1
3	25	-3-	1
3	165	-3-	2
4	209	-3-	2
4	210	-3-	1
4	211	-3-	1
4	212	-3-	2
4	213	-3-	2
4	214	-3-	1
4	215	-3-	2
4	216	-3-	1
4	217	-3-	2
4	218	-3-	1
5	264	-3-	2
5	265	-3-	1
5	266	-3-	1
5	267	-3-	2
5	268	-3-	1
5	269	-3-	2
5	270	-3-	1
5	271	-3-	2
5	202	-3-	1
5	146	-3-	2
6	272	-3-	1
6	273	-3-	2
6	274	-3-	2
6	275	-3-	2
6	276	-3-	2
6	277	-3-	2
6	278	-3-	2
6	279	-3-	2
6	280	-3-	2
6	281	-3-	2
7	370	-3-	2
7	236	-3-	1
7	221	-3-	1
7	371	-3-	1
7	372	-3-	2
7	373	-3-	2
7	374	-3-	2
7	375	-3-	2
7	376	-3-	2
7	377	-3-	1
8	400	-3-	2
8	401	-3-	2
8	51	-3-	1
8	402	-3-	2
8	403	-3-	1
8	404	-3-	2
8	405	-3-	2
8	406	-3-	1
8	407	-3-	1
8	408	-3-	2
9	448	-3-	1
9	449	-3-	1
9	69	-3-	1
9	450	-3-	1
9	451	-3-	1
9	452	-3-	2
9	453	-3-	2
9	454	-3-	2
9	455	-3-	1
9	456	-3-	2
9	457	-3-	2
10	69	-3-	2
10	71	-3-	1
10	394	-3-	2
10	146	-3-	2
10	451	-3-	1
10	25	-3-	1
10	489	-3-	2
10	72	-3-	1
10	490	-3-	2
10	491	-3-	2
11	318	-3-	1
11	498	-3-	2
11	118	-3-	1
11	502	-3-	1
11	314	-3-	1
11	26	-3-	2
11	506	-3-	1
11	507	-3-	1
11	508	-3-	2
11	509	-3-	2
11	277	-3-	1
11	510	-3-	1
12	363	-3-	2
12	532	-3-	2
12	533	-3-	2
12	554	-3-	2
12	558	-3-	2
12	559	-3-	1
12	51	-3-	2
13	588	-3-	2
13	589	-3-	2
13	590	-3-	1
13	146	-3-	2
13	591	-3-	1
13	592	-3-	1
13	593	-3-	2
13	594	-3-	1
13	595	-3-	1
13	158	-3-	1
14	69	-3-	1
14	394	-3-	1
14	635	-3-	2
14	241	-3-	2
14	239	-3-	2
14	636	-3-	1
14	637	-3-	2
14	115	-3-	1
14	391	-3-	1
14	146	-3-	2
14	594	-3-	1
14	448	-3-	1
14	449	-3-	1
14	69	-3-	1
14	450	-3-	1
14	451	-3-	1
14	452	-3-	2
14	453	-3-	2
14	454	-3-	2
15	655	-3-	2
15	656	-3-	2
15	657	-3-	2
15	658	-3-	2
15	659	-3-	2
15	660	-3-	2
15	661	-3-	2
15	662	-3-	2
15	221	-3-	2
15	451	-3-	1
16	687	-3-	1
16	35	-3-	1
16	688	-3-	1
16	689	-3-	1
16	690	-3-	2
16	691	-3-	1
16	692	-3-	1
16	693	-3-	1
16	694	-3-	2
16	695	-3-	2
17	745	-3-	1
17	746	-3-	2
17	747	-3-	2
17	748	-3-	1
17	749	-3-	1
17	750	-3-	2
17	751	-3-	1
17	752	-3-	2
17	753	-3-	2
17	754	-3-	1
18	451	-3-	2
18	59	-3-	1
18	776	-3-	2
18	84	-3-	2
18	572	-3-	2
18	777	-3-	1
18	778	-3-	1
18	779	-3-	2
18	454	-3-	2
18	780	-3-	1
18	781	-3-	1
18	782	-3-	2
18	783	-3-	1
18	110	-3-	1
18	784	-3-	1
19	461	-3-	2
19	795	-3-	1
19	796	-3-	2
19	504	-3-	1
19	799	-3-	2
19	804	-3-	1
19	807	-3-	2
19	808	-3-	1
19	812	-3-	1
19	816	-3-	2
20	824	-3-	1
20	631	-3-	1
20	827	-3-	2
20	828	-3-	2
20	832	-3-	2
20	833	-3-	2
20	834	-3-	1
20	835	-3-	1
20	836	-3-	1
20	69	-3-	2
21	395	-3-	2
21	401	-3-	2
21	558	-3-	2
21	874	-3-	2
21	875	-3-	1
21	876	-3-	2
21	71	-3-	2
21	877	-3-	2
21	878	-3-	2
21	879	-3-	1
21	880	-3-	2
21	72	-3-	1
22	916	-3-	2
22	917	-3-	1
22	416	-3-	1
22	918	-3-	2
22	746	-3-	2
22	297	-3-	2
22	919	-3-	2
22	920	-3-	1
22	924	-3-	2
23	69	-3-	2
23	967	-3-	2
23	302	-3-	2
23	968	-3-	2
23	969	-3-	2
23	970	-3-	1
23	971	-3-	2
23	972	-3-	1
23	973	-3-	2
23	974	-3-	2
23	375	-3-	2
24	69	-3-	2
24	71	-3-	2
24	72	-3-	2
24	451	-3-	1
24	146	-3-	1
24	656	-3-	2
24	998	-3-	1
24	25	-3-	2
24	999	-3-	1
24	1000	-3-	2
25	232	-3-	2
25	117	-3-	2
25	1025	-3-	2
25	96	-3-	2
25	25	-3-	2
25	1026	-3-	2
25	69	-3-	2
25	71	-3-	2
25	1027	-3-	1
25	1028	-3-	1
25	1030	-3-	2
25	1032	-3-	1
18	512	-3-	4
18	513	-3-	5
18	994	-3-	5
18	226	-3-	3
18	940	-3-	3
18	290	-3-	4
18	338	-3-	3
18	22	-3-	4
18	536	-3-	2
18	282	-3-	1
18	379	-3-	3
18	958	-3-	1
18	319	-3-	4
4	385	-3-	2
4	134	-3-	2
4	577	-3-	4
4	264	-3-	4
4	482	-3-	2
4	20	-3-	3
4	928	-3-	3
4	292	-3-	3
4	550	-3-	4
4	41	-3-	5
4	428	-3-	2
4	45	-3-	4
4	431	-3-	4
4	945	-3-	3
4	308	-3-	3
4	309	-3-	3
4	313	-3-	4
4	60	-3-	4
4	61	-3-	4
4	65	-3-	4
4	963	-3-	1
4	324	-3-	4
4	325	-3-	4
4	844	-3-	2
4	845	-3-	1
4	847	-3-	2
4	82	-3-	4
4	723	-3-	3
4	84	-3-	4
4	725	-3-	4
4	857	-3-	1
4	992	-3-	2
4	994	-3-	2
4	868	-3-	3
4	104	-3-	3
4	572	-3-	4
4	978	-3-	4
4	83	-3-	4
4	764	-3-	3
4	766	-3-	3
24	338	-3-	4
24	67	-3-	3
24	380	-3-	4
24	829	-3-	4
24	381	-3-	5
17	480	-3-	3
17	65	-3-	4
17	482	-3-	5
17	994	-3-	4
17	425	-3-	3
17	74	-3-	3
17	429	-3-	2
17	386	-3-	4
17	77	-3-	2
17	343	-3-	4
17	572	-3-	3
17	895	-3-	3
21	515	-3-	4
21	389	-3-	4
21	774	-3-	3
21	135	-3-	2
21	522	-3-	3
21	523	-3-	4
21	397	-3-	4
21	152	-3-	5
21	1029	-3-	5
21	39	-3-	4
21	168	-3-	5
21	169	-3-	5
21	561	-3-	4
21	371	-3-	4
21	571	-3-	4
21	830	-3-	4
21	63	-3-	4
21	320	-3-	4
21	66	-3-	4
21	67	-3-	3
21	965	-3-	4
21	328	-3-	3
21	458	-3-	4
21	331	-3-	2
21	460	-3-	4
21	462	-3-	3
21	463	-3-	4
21	464	-3-	2
21	504	-3-	3
21	338	-3-	4
21	341	-3-	3
21	267	-3-	3
21	347	-3-	3
21	351	-3-	4
21	101	-3-	3
21	486	-3-	5
21	465	-3-	3
21	493	-3-	4
21	497	-3-	3
21	499	-3-	3
21	372	-3-	4
21	375	-3-	4
21	760	-3-	5
21	761	-3-	3
21	380	-3-	4
21	381	-3-	5
12	128	-3-	3
12	33	-3-	3
12	34	-3-	4
12	699	-3-	3
12	741	-3-	4
12	481	-3-	3
12	712	-3-	4
12	103	-3-	2
12	706	-3-	3
12	895	-3-	4
12	520	-3-	2
12	995	-3-	3
12	382	-3-	3
12	758	-3-	3
12	823	-3-	2
12	891	-3-	2
12	762	-3-	2
12	703	-3-	4
12	574	-3-	5
12	63	-3-	3
16	162	-3-	2
16	11	-3-	2
16	260	-3-	3
16	262	-3-	4
16	230	-3-	4
16	616	-3-	2
16	811	-3-	4
16	299	-3-	3
16	910	-3-	2
16	623	-3-	2
16	786	-3-	4
16	899	-3-	3
16	628	-3-	2
16	437	-3-	3
16	440	-3-	3
16	356	-3-	4
16	605	-3-	3
16	446	-3-	2
16	1013	-3-	3
25	259	-3-	4
25	421	-3-	4
25	141	-3-	1
25	803	-3-	3
25	675	-3-	3
25	787	-3-	3
25	287	-3-	1
25	316	-3-	3
25	245	-3-	4
22	2	-3-	5
22	151	-3-	1
22	668	-3-	4
22	927	-3-	2
22	803	-3-	2
22	241	-3-	4
22	298	-3-	3
22	813	-3-	2
22	303	-3-	1
22	835	-3-	3
22	837	-3-	2
22	838	-3-	2
22	839	-3-	2
22	840	-3-	1
22	850	-3-	1
22	851	-3-	2
22	854	-3-	1
22	602	-3-	3
22	615	-3-	3
22	616	-3-	1
22	1005	-3-	2
22	253	-3-	5
22	240	-3-	5
22	1009	-3-	1
22	631	-3-	4
22	634	-3-	1
22	1021	-3-	4
22	254	-3-	5
13	864	-3-	4
13	482	-3-	3
13	964	-3-	2
13	869	-3-	3
13	104	-3-	4
13	553	-3-	4
13	770	-3-	5
13	552	-3-	4
13	20	-3-	3
13	830	-3-	4
13	345	-3-	3
13	829	-3-	3
13	958	-3-	4
23	864	-3-	3
23	486	-3-	3
23	39	-3-	2
23	168	-3-	3
23	553	-3-	4
23	552	-3-	4
14	323	-3-	3
14	166	-3-	4
14	840	-3-	1
14	233	-3-	1
14	1002	-3-	2
14	301	-3-	2
14	913	-3-	2
14	850	-3-	3
14	853	-3-	3
14	854	-3-	2
14	953	-3-	1
14	283	-3-	3
14	412	-3-	2
5	676	-3-	4
5	165	-3-	1
5	1031	-3-	4
5	909	-3-	3
5	814	-3-	4
5	1008	-3-	3
5	305	-3-	2
5	883	-3-	2
5	665	-3-	1
5	1018	-3-	1
5	283	-3-	2
5	286	-3-	3
6	848	-3-	3
6	897	-3-	2
6	261	-3-	2
6	135	-3-	4
6	904	-3-	2
6	651	-3-	4
6	144	-3-	3
6	151	-3-	3
6	664	-3-	2
6	410	-3-	2
6	669	-3-	5
6	158	-3-	2
6	159	-3-	4
6	674	-3-	1
6	163	-3-	1
6	1	-3-	2
6	677	-3-	1
6	678	-3-	2
6	647	-3-	5
6	813	-3-	2
6	675	-3-	1
6	822	-3-	1
6	791	-3-	1
6	803	-3-	1
6	599	-3-	3
6	912	-3-	3
6	228	-3-	2
6	233	-3-	3
6	239	-3-	1
6	241	-3-	1
6	245	-3-	1
6	122	-3-	4
6	253	-3-	3
6	254	-3-	1
6	255	-3-	4
15	160	-3-	4
15	226	-3-	3
15	67	-3-	3
15	100	-3-	3
15	167	-3-	5
15	170	-3-	4
15	523	-3-	3
15	940	-3-	3
15	527	-3-	4
15	338	-3-	4
15	499	-3-	3
15	948	-3-	3
15	950	-3-	2
15	375	-3-	4
15	984	-3-	3
15	825	-3-	3
15	987	-3-	3
15	188	-3-	3
15	330	-3-	4
19	2	-3-	5
19	1031	-3-	4
19	234	-3-	4
19	303	-3-	2
19	913	-3-	3
19	951	-3-	3
19	440	-3-	5
19	1017	-3-	3
19	634	-3-	3
19	249	-3-	3
19	159	-3-	3
10	902	-3-	4
10	524	-3-	2
10	525	-3-	2
10	155	-3-	2
10	730	-3-	2
10	926	-3-	2
10	543	-3-	2
10	161	-3-	2
10	34	-3-	3
10	419	-3-	3
10	36	-3-	3
10	167	-3-	4
10	40	-3-	1
10	427	-3-	2
10	430	-3-	2
10	943	-3-	1
10	944	-3-	2
10	350	-3-	1
10	956	-3-	3
10	573	-3-	3
10	830	-3-	1
10	960	-3-	3
10	193	-3-	3
10	194	-3-	3
10	196	-3-	2
10	198	-3-	3
10	199	-3-	3
10	716	-3-	3
10	975	-3-	2
10	976	-3-	2
10	721	-3-	2
10	981	-3-	2
10	982	-3-	2
10	856	-3-	2
10	985	-3-	1
10	858	-3-	2
10	859	-3-	1
10	733	-3-	2
10	734	-3-	1
10	101	-3-	1
10	736	-3-	2
10	741	-3-	2
10	977	-3-	2
10	108	-3-	5
10	574	-3-	5
10	127	-3-	2
1	704	-3-	4
1	898	-3-	3
1	901	-3-	3
1	134	-3-	4
1	386	-3-	4
1	654	-3-	4
1	530	-3-	4
1	535	-3-	4
1	158	-3-	4
1	292	-3-	4
1	326	-3-	4
1	425	-3-	4
1	560	-3-	4
1	179	-3-	4
1	308	-3-	4
1	309	-3-	4
1	699	-3-	3
1	189	-3-	4
1	735	-3-	4
1	703	-3-	3
1	448	-3-	3
1	582	-3-	4
1	200	-3-	4
1	713	-3-	4
1	847	-3-	4
1	80	-3-	4
1	740	-3-	4
1	990	-3-	4
1	607	-3-	4
1	866	-3-	4
1	868	-3-	4
1	741	-3-	4
1	252	-3-	3
1	362	-3-	4
1	239	-3-	4
1	241	-3-	3
1	755	-3-	4
1	297	-3-	4
1	379	-3-	4
1	764	-3-	3
1	638	-3-	4
9	899	-3-	1
9	900	-3-	3
9	7	-3-	1
9	11	-3-	3
9	780	-3-	4
9	141	-3-	1
9	792	-3-	2
9	800	-3-	3
9	162	-3-	3
9	676	-3-	4
9	806	-3-	1
9	391	-3-	2
9	1003	-3-	3
9	817	-3-	3
9	946	-3-	1
9	826	-3-	1
9	348	-3-	1
9	615	-3-	3
9	488	-3-	1
9	619	-3-	2
9	364	-3-	3
9	616	-3-	3
9	626	-3-	2
9	1011	-3-	4
9	246	-3-	1
9	123	-3-	1
9	125	-3-	2
11	128	-3-	4
11	224	-3-	5
11	284	-3-	5
11	263	-3-	5
7	128	-3-	2
7	516	-3-	4
7	517	-3-	5
7	520	-3-	4
7	143	-3-	3
7	912	-3-	4
7	662	-3-	4
7	539	-3-	4
7	541	-3-	4
7	1029	-3-	5
7	544	-3-	4
7	940	-3-	5
7	315	-3-	5
7	67	-3-	3
7	68	-3-	4
7	459	-3-	4
7	460	-3-	3
7	79	-3-	4
7	598	-3-	3
7	224	-3-	4
7	226	-3-	4
7	760	-3-	3
7	762	-3-	3
3	514	-3-	3
3	899	-3-	1
3	646	-3-	2
3	647	-3-	3
3	396	-3-	2
3	322	-3-	1
3	912	-3-	3
3	546	-3-	3
3	169	-3-	3
3	7	-3-	2
3	685	-3-	3
3	302	-3-	2
3	562	-3-	2
3	315	-3-	3
3	319	-3-	3
3	66	-3-	1
3	290	-3-	3
3	467	-3-	2
3	344	-3-	3
3	221	-3-	4
3	229	-3-	4
3	494	-3-	3
3	369	-3-	1
3	371	-3-	3
3	246	-3-	5
2	513	-3-	3
2	770	-3-	4
2	155	-3-	5
2	37	-3-	5
2	168	-3-	4
2	427	-3-	4
2	46	-3-	3
2	47	-3-	2
2	948	-3-	3
2	195	-3-	2
2	202	-3-	5
2	716	-3-	4
2	719	-3-	3
2	720	-3-	4
2	722	-3-	3
2	724	-3-	2
2	729	-3-	3
2	731	-3-	4
2	732	-3-	4
2	989	-3-	3
2	864	-3-	4
2	994	-3-	4
2	486	-3-	4
2	756	-3-	5
2	379	-3-	4
2	380	-3-	4
8	640	-3-	3
8	864	-3-	3
8	770	-3-	2
8	486	-3-	4
8	103	-3-	4
8	168	-3-	4
8	98	-3-	3
8	941	-3-	4
8	465	-3-	4
8	338	-3-	4
8	950	-3-	4
8	983	-3-	3
8	984	-3-	4
8	987	-3-	4
8	958	-3-	3
20	640	-3-	1
20	263	-3-	3
20	650	-3-	3
20	915	-3-	1
20	433	-3-	1
20	792	-3-	1
20	537	-3-	3
20	154	-3-	4
20	303	-3-	3
20	927	-3-	3
20	800	-3-	2
20	806	-3-	1
20	551	-3-	2
20	552	-3-	3
20	553	-3-	3
20	684	-3-	3
20	941	-3-	2
20	174	-3-	5
20	175	-3-	3
20	176	-3-	3
20	177	-3-	4
20	178	-3-	4
20	950	-3-	3
20	443	-3-	1
20	962	-3-	3
20	964	-3-	2
20	438	-3-	1
20	330	-3-	2
20	592	-3-	2
20	465	-3-	3
20	984	-3-	1
20	857	-3-	3
20	817	-3-	1
20	864	-3-	3
20	614	-3-	4
20	295	-3-	3
20	1004	-3-	4
20	366	-3-	2
20	495	-3-	2
20	368	-3-	3
20	1014	-3-	4
20	119	-3-	3
20	1016	-3-	3