user	item	timestamp	rating
1	1	-3-	4
1	2	-3-	5
1	3	-3-	5
1	4	-3-	5
1	5	-3-	5
1	6	-3-	4
1	7	-3-	5
1	8	-3-	4
1	9	-3-	5
1	10	-3-	5
1	11	-3-	4
1	12	-3-	3
1	13	-3-	4
1	14	-3-	4
1	15	-3-	3
1	16	-3-	3
1	17	-3-	4
1	18	-3-	3
1	19	-3-	4
1	20	-3-	5
1	21	-3-	5
1	22	-3-	5
1	23	-3-	5
1	24	-3-	3
1	25	-3-	4
1	26	-3-	4
1	27	-3-	5
1	28	-3-	3
1	29	-3-	5
1	30	-3-	4
1	31	-3-	3
1	32	-3-	5
1	33	-3-	5
1	34	-3-	3
1	35	-3-	4
1	36	-3-	3
1	37	-3-	3
1	38	-3-	5
1	39	-3-	5
1	40	-3-	3
1	41	-3-	5
1	42	-3-	3
1	43	-3-	4
1	44	-3-	3
1	45	-3-	5
1	46	-3-	4
1	47	-3-	5
1	48	-3-	4
1	49	-3-	4
1	50	-3-	4
1	51	-3-	5
1	52	-3-	4
1	53	-3-	5
1	54	-3-	1
1	55	-3-	1
1	56	-3-	1
1	57	-3-	2
1	58	-3-	2
1	59	-3-	1
1	60	-3-	1
1	61	-3-	1
1	62	-3-	1
1	63	-3-	1
1	64	-3-	2
1	69	-3-	3
1	70	-3-	4
1	71	-3-	2
1	72	-3-	4
1	73	-3-	4
1	74	-3-	4
1	75	-3-	4
1	76	-3-	4
1	77	-3-	2
1	78	-3-	4
1	79	-3-	3
1	80	-3-	4
1	82	-3-	4
1	84	-3-	4
1	89	-3-	4
1	90	-3-	3
1	92	-3-	2
1	93	-3-	4
1	94	-3-	4
1	95	-3-	4
1	97	-3-	3
1	100	-3-	4
1	101	-3-	4
1	103	-3-	4
1	104	-3-	4
1	105	-3-	4
1	107	-3-	4
1	108	-3-	4
1	109	-3-	4
1	110	-3-	4
1	115	-3-	4
1	116	-3-	3
1	120	-3-	4
1	124	-3-	4
1	125	-3-	4
1	131	-3-	4
1	132	-3-	5
1	138	-3-	2
1	140	-3-	4
1	143	-3-	5
1	149	-3-	4
1	153	-3-	3
1	154	-3-	4
1	171	-3-	2
1	172	-3-	1
1	176	-3-	1
1	177	-3-	4
1	178	-3-	4
1	179	-3-	4
1	186	-3-	5
1	188	-3-	3
1	190	-3-	4
1	196	-3-	4
1	200	-3-	3
1	203	-3-	4
1	205	-3-	3
1	207	-3-	4
1	211	-3-	3
1	212	-3-	3
1	213	-3-	3
1	217	-3-	4
1	218	-3-	3
1	219	-3-	3
1	220	-3-	2
1	221	-3-	1
1	235	-3-	2
1	237	-3-	4
1	239	-3-	4
1	249	-3-	3
1	250	-3-	4
1	253	-3-	4
1	255	-3-	4
1	269	-3-	3
1	270	-3-	4
1	283	-3-	4
1	284	-3-	5
1	290	-3-	3
1	296	-3-	4
1	299	-3-	2
1	301	-3-	4
1	302	-3-	4
1	307	-3-	4
1	308	-3-	5
1	309	-3-	4
1	314	-3-	4
1	318	-3-	3
1	333	-3-	4
1	335	-3-	4
1	337	-3-	4
1	338	-3-	4
1	340	-3-	4
1	344	-3-	5
1	345	-3-	5
1	346	-3-	4
1	347	-3-	5
1	348	-3-	5
1	349	-3-	4
1	350	-3-	4
1	373	-3-	2
1	383	-3-	2
1	391	-3-	2
1	401	-3-	4
1	402	-3-	1
1	406	-3-	4
1	407	-3-	4
1	408	-3-	4
1	409	-3-	3
1	410	-3-	3
1	411	-3-	4
1	415	-3-	1
1	417	-3-	4
1	418	-3-	4
1	419	-3-	4
1	433	-3-	4
1	435	-3-	4
1	441	-3-	4
1	442	-3-	4
1	443	-3-	3
1	445	-3-	5
1	455	-3-	3
1	456	-3-	4
1	464	-3-	2
1	470	-3-	2
1	472	-3-	4
1	474	-3-	3
1	480	-3-	3
1	487	-3-	3
1	491	-3-	4
1	492	-3-	4
1	493	-3-	4
1	494	-3-	3
1	495	-3-	4
1	496	-3-	4
1	497	-3-	5
1	498	-3-	4
1	499	-3-	4
1	500	-3-	4
1	501	-3-	4
1	519	-3-	2
1	520	-3-	1
1	527	-3-	4
1	528	-3-	3
1	532	-3-	3
1	535	-3-	4
1	540	-3-	2
1	542	-3-	3
1	543	-3-	5
1	559	-3-	4
1	598	-3-	4
1	607	-3-	4
1	609	-3-	2
1	614	-3-	4
1	615	-3-	5
1	617	-3-	3
1	627	-3-	3
1	648	-3-	1
1	649	-3-	1
1	650	-3-	4
1	651	-3-	3
1	653	-3-	4
1	654	-3-	4
1	664	-3-	3
1	666	-3-	4
1	667	-3-	1
1	669	-3-	5
1	671	-3-	4
1	672	-3-	4
1	673	-3-	4
1	676	-3-	3
1	679	-3-	4
1	681	-3-	3
1	691	-3-	2
1	692	-3-	1
1	710	-3-	3
1	715	-3-	4
1	733	-3-	4
1	739	-3-	4
1	740	-3-	5
1	741	-3-	5
1	742	-3-	4
1	745	-3-	3
1	746	-3-	3
1	747	-3-	2
1	748	-3-	4
1	754	-3-	3
1	759	-3-	5
1	760	-3-	4
1	761	-3-	3
1	768	-3-	2
1	771	-3-	3
1	780	-3-	3
1	781	-3-	3
1	782	-3-	4
1	783	-3-	4
1	785	-3-	4
1	786	-3-	4
1	787	-3-	4
1	788	-3-	5
2	1	-3-	2
2	6	-3-	5
2	10	-3-	5
2	13	-3-	5
2	15	-3-	1
2	17	-3-	4
2	18	-3-	5
2	23	-3-	5
2	24	-3-	2
2	25	-3-	3
2	31	-3-	4
2	32	-3-	3
2	33	-3-	3
2	36	-3-	4
2	38	-3-	4
2	41	-3-	4
2	42	-3-	5
2	43	-3-	5
2	44	-3-	3
2	45	-3-	4
2	48	-3-	3
2	52	-3-	4
2	53	-3-	3
2	54	-3-	3
2	56	-3-	5
2	64	-3-	4
2	65	-3-	3
2	66	-3-	4
2	67	-3-	5
2	68	-3-	4
2	69	-3-	4
2	70	-3-	5
2	71	-3-	5
2	72	-3-	4
2	73	-3-	3
2	74	-3-	5
2	75	-3-	4
2	76	-3-	4
2	77	-3-	4
2	78	-3-	5
2	79	-3-	5
2	80	-3-	4
2	81	-3-	3
2	82	-3-	4
2	83	-3-	5
2	84	-3-	4
2	85	-3-	3
2	86	-3-	4
2	87	-3-	5
2	88	-3-	5
2	89	-3-	4
2	90	-3-	5
2	91	-3-	5
2	92	-3-	4
2	93	-3-	4
2	94	-3-	3
2	95	-3-	4
2	96	-3-	5
2	97	-3-	4
2	98	-3-	5
2	99	-3-	4
2	100	-3-	4
2	101	-3-	5
2	102	-3-	3
2	103	-3-	4
2	104	-3-	5
2	105	-3-	3
2	106	-3-	3
2	107	-3-	3
2	108	-3-	5
2	109	-3-	4
2	110	-3-	5
2	112	-3-	2
2	113	-3-	2
2	114	-3-	1
2	115	-3-	2
2	116	-3-	2
2	117	-3-	2
2	118	-3-	1
2	120	-3-	4
2	121	-3-	4
2	123	-3-	3
2	124	-3-	3
2	125	-3-	4
2	128	-3-	3
2	129	-3-	3
2	131	-3-	3
2	135	-3-	3
2	137	-3-	3
2	139	-3-	3
2	140	-3-	2
2	143	-3-	5
2	144	-3-	3
2	145	-3-	3
2	149	-3-	4
2	152	-3-	5
2	158	-3-	4
2	170	-3-	4
2	171	-3-	4
2	173	-3-	3
2	175	-3-	4
2	177	-3-	4
2	178	-3-	2
2	180	-3-	5
2	183	-3-	4
2	187	-3-	3
2	188	-3-	3
2	190	-3-	4
2	195	-3-	4
2	197	-3-	4
2	205	-3-	5
2	206	-3-	4
2	207	-3-	4
2	208	-3-	4
2	209	-3-	2
2	216	-3-	5
2	217	-3-	4
2	218	-3-	4
2	219	-3-	3
2	220	-3-	2
2	221	-3-	4
2	222	-3-	4
2	226	-3-	5
2	230	-3-	2
2	231	-3-	3
2	233	-3-	3
2	239	-3-	5
2	241	-3-	4
2	246	-3-	4
2	247	-3-	3
2	248	-3-	5
2	249	-3-	5
2	252	-3-	3
2	253	-3-	3
2	254	-3-	4
2	259	-3-	4
2	260	-3-	3
2	263	-3-	4
2	267	-3-	5
2	268	-3-	4
2	270	-3-	4
2	273	-3-	2
2	275	-3-	4
2	276	-3-	4
2	279	-3-	2
2	280	-3-	3
2	282	-3-	3
2	283	-3-	5
2	284	-3-	3
2	287	-3-	3
2	289	-3-	2
2	291	-3-	4
2	292	-3-	3
2	297	-3-	5
2	298	-3-	2
2	300	-3-	2
2	301	-3-	3
2	302	-3-	5
2	305	-3-	4
2	306	-3-	3
2	309	-3-	4
2	318	-3-	3
2	319	-3-	4
2	328	-3-	5
2	329	-3-	3
2	330	-3-	5
2	334	-3-	4
2	336	-3-	5
2	337	-3-	1
2	338	-3-	5
2	340	-3-	5
2	344	-3-	5
2	346	-3-	5
2	347	-3-	5
2	348	-3-	5
2	349	-3-	5
2	351	-3-	4
2	353	-3-	4
2	374	-3-	4
2	376	-3-	5
2	379	-3-	4
2	382	-3-	5
2	383	-3-	5
2	391	-3-	5
2	402	-3-	3
2	405	-3-	5
2	406	-3-	4
2	407	-3-	4
2	408	-3-	2
2	410	-3-	4
2	411	-3-	3
2	413	-3-	5
2	414	-3-	4
2	416	-3-	3
2	417	-3-	3
2	418	-3-	2
2	420	-3-	5
2	421	-3-	5
2	422	-3-	5
2	426	-3-	3
2	429	-3-	1
2	433	-3-	3
2	434	-3-	4
2	436	-3-	5
2	438	-3-	4
2	441	-3-	3
2	442	-3-	3
2	443	-3-	4
2	445	-3-	3
2	447	-3-	5
2	455	-3-	5
2	456	-3-	4
2	461	-3-	4
2	462	-3-	3
2	463	-3-	1
2	464	-3-	5
2	465	-3-	3
2	466	-3-	4
2	467	-3-	3
2	468	-3-	3
2	469	-3-	4
2	471	-3-	3
2	472	-3-	3
2	473	-3-	5
2	474	-3-	4
2	475	-3-	2
2	476	-3-	4
2	477	-3-	4
2	478	-3-	4
2	480	-3-	3
2	481	-3-	4
2	482	-3-	3
2	483	-3-	4
2	484	-3-	2
2	485	-3-	3
2	486	-3-	3
2	487	-3-	5
2	488	-3-	3
2	491	-3-	5
2	492	-3-	5
2	493	-3-	5
2	494	-3-	4
2	499	-3-	4
2	500	-3-	5
2	508	-3-	3
2	509	-3-	4
2	510	-3-	4
2	511	-3-	3
2	512	-3-	3
2	513	-3-	3
2	520	-3-	4
2	521	-3-	3
2	522	-3-	4
2	523	-3-	3
2	525	-3-	4
2	528	-3-	4
2	529	-3-	5
2	530	-3-	3
2	531	-3-	3
2	532	-3-	4
2	533	-3-	2
2	536	-3-	4
2	537	-3-	3
2	538	-3-	5
2	539	-3-	4
2	542	-3-	3
2	583	-3-	5
2	594	-3-	5
2	601	-3-	2
2	604	-3-	4
2	605	-3-	3
2	609	-3-	3
2	616	-3-	5
2	617	-3-	5
2	621	-3-	4
2	632	-3-	5
2	648	-3-	5
2	649	-3-	5
2	652	-3-	4
2	666	-3-	3
2	675	-3-	3
2	679	-3-	5
2	680	-3-	5
2	681	-3-	5
2	686	-3-	4
2	688	-3-	3
2	689	-3-	3
2	690	-3-	5
2	691	-3-	5
2	692	-3-	4
2	705	-3-	5
2	713	-3-	4
2	715	-3-	3
2	717	-3-	4
2	718	-3-	5
2	721	-3-	5
2	754	-3-	4
2	758	-3-	5
2	759	-3-	5
2	761	-3-	5
2	762	-3-	3
2	774	-3-	4
2	780	-3-	3
2	786	-3-	5
2	788	-3-	5
3	1	-3-	4
3	2	-3-	3
3	5	-3-	3
3	8	-3-	3
3	9	-3-	2
3	10	-3-	2
3	11	-3-	1
3	13	-3-	1
3	18	-3-	1
3	21	-3-	3
3	26	-3-	1
3	32	-3-	1
3	39	-3-	1
3	41	-3-	4
3	46	-3-	1
3	49	-3-	4
3	51	-3-	1
3	53	-3-	1
3	54	-3-	1
3	65	-3-	3
3	70	-3-	3
3	72	-3-	2
3	73	-3-	2
3	74	-3-	4
3	75	-3-	3
3	79	-3-	3
3	80	-3-	1
3	83	-3-	1
3	90	-3-	1
3	91	-3-	2
3	94	-3-	3
3	99	-3-	1
3	102	-3-	2
3	103	-3-	3
3	106	-3-	1
3	107	-3-	1
3	108	-3-	3
3	111	-3-	1
3	112	-3-	1
3	117	-3-	2
3	119	-3-	3
3	120	-3-	3
3	121	-3-	3
3	122	-3-	3
3	123	-3-	3
3	124	-3-	3
3	125	-3-	3
3	126	-3-	3
3	127	-3-	4
3	128	-3-	3
3	129	-3-	3
3	130	-3-	4
3	131	-3-	4
3	132	-3-	3
3	133	-3-	5
3	134	-3-	3
3	135	-3-	3
3	136	-3-	5
3	137	-3-	4
3	138	-3-	3
3	139	-3-	4
3	140	-3-	3
3	141	-3-	4
3	142	-3-	3
3	143	-3-	4
3	144	-3-	3
3	145	-3-	4
3	146	-3-	3
3	147	-3-	3
3	148	-3-	4
3	149	-3-	4
3	150	-3-	4
3	151	-3-	5
3	152	-3-	3
3	153	-3-	3
3	154	-3-	4
3	155	-3-	5
3	156	-3-	3
3	157	-3-	4
3	158	-3-	3
3	159	-3-	4
3	160	-3-	4
3	161	-3-	1
3	162	-3-	1
3	163	-3-	1
3	164	-3-	2
3	165	-3-	2
3	166	-3-	1
3	167	-3-	2
3	168	-3-	1
3	169	-3-	1
3	170	-3-	4
3	171	-3-	1
3	172	-3-	3
3	175	-3-	2
3	177	-3-	4
3	179	-3-	4
3	180	-3-	1
3	182	-3-	2
3	184	-3-	1
3	187	-3-	1
3	188	-3-	2
3	192	-3-	1
3	196	-3-	3
3	197	-3-	1
3	198	-3-	2
3	200	-3-	1
3	207	-3-	4
3	209	-3-	1
3	210	-3-	1
3	216	-3-	2
3	217	-3-	2
3	218	-3-	2
3	219	-3-	1
3	220	-3-	3
3	228	-3-	3
3	233	-3-	2
3	234	-3-	1
3	239	-3-	1
3	247	-3-	2
3	250	-3-	1
3	252	-3-	1
3	253	-3-	4
3	254	-3-	1
3	255	-3-	3
3	259	-3-	1
3	260	-3-	2
3	263	-3-	1
3	266	-3-	2
3	267	-3-	3
3	268	-3-	2
3	270	-3-	1
3	272	-3-	1
3	276	-3-	1
3	279	-3-	1
3	282	-3-	3
3	284	-3-	1
3	287	-3-	1
3	288	-3-	1
3	289	-3-	3
3	290	-3-	3
3	292	-3-	5
3	295	-3-	1
3	301	-3-	3
3	302	-3-	1
3	303	-3-	2
3	305	-3-	4
3	309	-3-	1
3	313	-3-	3
3	321	-3-	3
3	323	-3-	2
3	325	-3-	4
3	328	-3-	1
3	336	-3-	3
3	337	-3-	1
3	340	-3-	3
3	341	-3-	3
3	342	-3-	1
3	344	-3-	1
3	345	-3-	2
3	346	-3-	2
3	347	-3-	2
3	348	-3-	1
3	350	-3-	1
3	372	-3-	3
3	374	-3-	2
3	379	-3-	3
3	405	-3-	1
3	406	-3-	1
3	407	-3-	3
3	408	-3-	2
3	410	-3-	3
3	411	-3-	1
3	434	-3-	3
3	435	-3-	1
3	438	-3-	3
3	439	-3-	2
3	440	-3-	2
3	442	-3-	3
3	444	-3-	3
3	446	-3-	3
3	450	-3-	3
3	451	-3-	3
3	452	-3-	1
3	453	-3-	4
3	461	-3-	2
3	463	-3-	1
3	465	-3-	1
3	466	-3-	3
3	467	-3-	1
3	470	-3-	2
3	471	-3-	2
3	473	-3-	3
3	476	-3-	3
3	479	-3-	1
3	481	-3-	1
3	486	-3-	3
3	491	-3-	1
3	492	-3-	1
3	494	-3-	3
3	495	-3-	3
3	497	-3-	1
3	510	-3-	4
3	511	-3-	2
3	512	-3-	2
3	513	-3-	2
3	525	-3-	3
3	526	-3-	1
3	535	-3-	2
3	559	-3-	1
3	569	-3-	3
3	570	-3-	1
3	571	-3-	3
3	572	-3-	3
3	573	-3-	3
3	574	-3-	4
3	575	-3-	3
3	576	-3-	1
3	578	-3-	3
3	579	-3-	1
3	580	-3-	1
3	581	-3-	2
3	582	-3-	2
3	583	-3-	2
3	584	-3-	2
3	585	-3-	3
3	587	-3-	3
3	588	-3-	2
3	589	-3-	1
3	599	-3-	2
3	601	-3-	3
3	603	-3-	3
3	606	-3-	1
3	614	-3-	1
3	616	-3-	3
3	617	-3-	1
3	624	-3-	1
3	627	-3-	2
3	632	-3-	3
3	646	-3-	4
3	647	-3-	3
3	648	-3-	1
3	649	-3-	1
3	655	-3-	2
3	666	-3-	1
3	671	-3-	3
3	672	-3-	4
3	681	-3-	1
3	688	-3-	2
3	689	-3-	2
3	693	-3-	2
3	696	-3-	1
3	704	-3-	3
3	706	-3-	2
3	709	-3-	3
3	734	-3-	3
3	754	-3-	1
3	759	-3-	3
3	760	-3-	1
3	761	-3-	1
3	766	-3-	1
3	785	-3-	1
4	1	-3-	4
4	2	-3-	3
4	4	-3-	2
4	5	-3-	5
4	8	-3-	3
4	9	-3-	3
4	10	-3-	4
4	11	-3-	3
4	14	-3-	4
4	15	-3-	4
4	16	-3-	3
4	18	-3-	3
4	21	-3-	2
4	24	-3-	2
4	30	-3-	3
4	32	-3-	4
4	33	-3-	2
4	36	-3-	4
4	39	-3-	4
4	41	-3-	4
4	42	-3-	3
4	43	-3-	3
4	44	-3-	3
4	45	-3-	1
4	49	-3-	4
4	51	-3-	3
4	53	-3-	2
4	54	-3-	4
4	65	-3-	5
4	66	-3-	4
4	68	-3-	2
4	70	-3-	4
4	71	-3-	4
4	72	-3-	3
4	73	-3-	4
4	74	-3-	4
4	75	-3-	3
4	76	-3-	4
4	78	-3-	3
4	79	-3-	3
4	80	-3-	4
4	81	-3-	4
4	82	-3-	5
4	83	-3-	4
4	85	-3-	3
4	88	-3-	5
4	89	-3-	3
4	90	-3-	5
4	91	-3-	2
4	92	-3-	3
4	93	-3-	3
4	94	-3-	4
4	95	-3-	4
4	97	-3-	4
4	98	-3-	4
4	99	-3-	3
4	102	-3-	1
4	103	-3-	3
4	104	-3-	3
4	105	-3-	3
4	106	-3-	3
4	107	-3-	4
4	108	-3-	4
4	109	-3-	4
4	110	-3-	5
4	111	-3-	2
4	112	-3-	3
4	116	-3-	4
4	117	-3-	4
4	119	-3-	4
4	120	-3-	3
4	121	-3-	4
4	124	-3-	4
4	125	-3-	3
4	129	-3-	5
4	130	-3-	5
4	131	-3-	5
4	135	-3-	4
4	137	-3-	4
4	139	-3-	2
4	140	-3-	3
4	143	-3-	4
4	144	-3-	3
4	145	-3-	2
4	147	-3-	3
4	150	-3-	5
4	153	-3-	4
4	164	-3-	4
4	171	-3-	4
4	172	-3-	4
4	173	-3-	4
4	174	-3-	4
4	175	-3-	4
4	176	-3-	4
4	177	-3-	4
4	178	-3-	4
4	179	-3-	5
4	180	-3-	4
4	181	-3-	4
4	182	-3-	3
4	183	-3-	4
4	184	-3-	4
4	185	-3-	4
4	186	-3-	3
4	187	-3-	3
4	188	-3-	4
4	189	-3-	3
4	190	-3-	4
4	191	-3-	4
4	192	-3-	4
4	193	-3-	3
4	194	-3-	4
4	195	-3-	4
4	196	-3-	4
4	197	-3-	3
4	198	-3-	4
4	199	-3-	4
4	200	-3-	3
4	201	-3-	2
4	202	-3-	1
4	203	-3-	1
4	204	-3-	1
4	205	-3-	1
4	206	-3-	2
4	207	-3-	3
4	208	-3-	3
4	209	-3-	5
4	210	-3-	3
4	213	-3-	1
4	216	-3-	4
4	217	-3-	4
4	218	-3-	4
4	219	-3-	4
4	220	-3-	4
4	221	-3-	3
4	222	-3-	4
4	225	-3-	3
4	226	-3-	3
4	228	-3-	4
4	229	-3-	3
4	230	-3-	2
4	231	-3-	3
4	233	-3-	2
4	234	-3-	4
4	246	-3-	3
4	247	-3-	3
4	248	-3-	4
4	250	-3-	5
4	252	-3-	3
4	253	-3-	5
4	254	-3-	3
4	255	-3-	5
4	258	-3-	2
4	259	-3-	3
4	261	-3-	3
4	264	-3-	2
4	266	-3-	3
4	267	-3-	5
4	269	-3-	5
4	270	-3-	5
4	272	-3-	2
4	273	-3-	3
4	275	-3-	2
4	276	-3-	3
4	279	-3-	5
4	280	-3-	3
4	282	-3-	3
4	283	-3-	3
4	284	-3-	4
4	287	-3-	3
4	288	-3-	3
4	289	-3-	2
4	294	-3-	4
4	300	-3-	3
4	302	-3-	3
4	307	-3-	3
4	308	-3-	4
4	309	-3-	4
4	321	-3-	3
4	322	-3-	2
4	324	-3-	2
4	325	-3-	3
4	326	-3-	2
4	327	-3-	3
4	328	-3-	3
4	330	-3-	3
4	334	-3-	4
4	335	-3-	3
4	336	-3-	3
4	337	-3-	3
4	338	-3-	3
4	339	-3-	3
4	340	-3-	4
4	343	-3-	3
4	344	-3-	4
4	345	-3-	4
4	346	-3-	4
4	347	-3-	4
4	348	-3-	3
4	352	-3-	2
4	354	-3-	2
4	371	-3-	4
4	376	-3-	2
4	401	-3-	4
4	402	-3-	2
4	403	-3-	4
4	404	-3-	4
4	405	-3-	4
4	406	-3-	3
4	407	-3-	3
4	408	-3-	3
4	410	-3-	4
4	411	-3-	5
4	412	-3-	3
4	414	-3-	4
4	420	-3-	4
4	425	-3-	3
4	428	-3-	4
4	435	-3-	3
4	438	-3-	3
4	449	-3-	2
4	451	-3-	4
4	486	-3-	2
4	487	-3-	4
4	494	-3-	3
4	495	-3-	4
4	496	-3-	3
4	497	-3-	4
4	499	-3-	4
4	501	-3-	3
4	508	-3-	4
4	519	-3-	4
4	522	-3-	3
4	526	-3-	3
4	535	-3-	3
4	537	-3-	2
4	540	-3-	3
4	544	-3-	2
4	559	-3-	4
4	598	-3-	2
4	600	-3-	2
4	606	-3-	3
4	609	-3-	4
4	614	-3-	3
4	615	-3-	3
4	627	-3-	4
4	647	-3-	4
4	648	-3-	2
4	650	-3-	3
4	651	-3-	4
4	652	-3-	3
4	653	-3-	3
4	666	-3-	4
4	670	-3-	2
4	677	-3-	1
4	680	-3-	4
4	681	-3-	3
4	686	-3-	3
4	687	-3-	2
4	688	-3-	2
4	689	-3-	4
4	692	-3-	2
4	703	-3-	3
4	707	-3-	4
4	712	-3-	4
4	715	-3-	4
4	716	-3-	4
4	718	-3-	3
4	741	-3-	2
4	742	-3-	2
4	747	-3-	2
4	754	-3-	3
4	759	-3-	3
4	760	-3-	3
4	761	-3-	3
4	768	-3-	3
4	769	-3-	3
4	771	-3-	3
4	773	-3-	2
4	774	-3-	4
4	775	-3-	4
4	782	-3-	3
5	3	-3-	4
5	5	-3-	2
5	6	-3-	2
5	8	-3-	3
5	9	-3-	2
5	11	-3-	3
5	14	-3-	4
5	16	-3-	4
5	18	-3-	4
5	29	-3-	3
5	36	-3-	3
5	41	-3-	3
5	42	-3-	5
5	43	-3-	5
5	44	-3-	4
5	51	-3-	3
5	53	-3-	5
5	54	-3-	1
5	56	-3-	4
5	64	-3-	5
5	65	-3-	4
5	66	-3-	4
5	67	-3-	2
5	69	-3-	3
5	71	-3-	3
5	72	-3-	4
5	73	-3-	4
5	74	-3-	2
5	75	-3-	1
5	79	-3-	4
5	80	-3-	2
5	81	-3-	5
5	82	-3-	2
5	83	-3-	4
5	84	-3-	3
5	85	-3-	5
5	86	-3-	4
5	87	-3-	5
5	88	-3-	4
5	91	-3-	2
5	94	-3-	5
5	95	-3-	4
5	97	-3-	2
5	100	-3-	1
5	101	-3-	2
5	102	-3-	3
5	103	-3-	3
5	106	-3-	5
5	107	-3-	4
5	111	-3-	3
5	119	-3-	3
5	121	-3-	1
5	123	-3-	3
5	124	-3-	2
5	125	-3-	4
5	128	-3-	3
5	129	-3-	2
5	130	-3-	2
5	137	-3-	1
5	139	-3-	1
5	140	-3-	1
5	143	-3-	3
5	144	-3-	2
5	145	-3-	2
5	149	-3-	5
5	170	-3-	4
5	171	-3-	3
5	173	-3-	4
5	174	-3-	4
5	175	-3-	5
5	176	-3-	4
5	179	-3-	3
5	180	-3-	3
5	181	-3-	5
5	183	-3-	4
5	185	-3-	4
5	186	-3-	4
5	188	-3-	4
5	191	-3-	3
5	197	-3-	4
5	203	-3-	4
5	207	-3-	4
5	208	-3-	3
5	209	-3-	3
5	210	-3-	5
5	211	-3-	5
5	212	-3-	5
5	213	-3-	5
5	214	-3-	4
5	215	-3-	4
5	216	-3-	5
5	217	-3-	4
5	218	-3-	3
5	219	-3-	4
5	220	-3-	4
5	221	-3-	4
5	222	-3-	3
5	223	-3-	4
5	224	-3-	4
5	225	-3-	4
5	226	-3-	4
5	227	-3-	4
5	228	-3-	4
5	229	-3-	5
5	230	-3-	4
5	231	-3-	4
5	232	-3-	4
5	233	-3-	5
5	234	-3-	4
5	235	-3-	3
5	236	-3-	1
5	237	-3-	1
5	238	-3-	2
5	239	-3-	2
5	240	-3-	1
5	241	-3-	2
5	242	-3-	1
5	243	-3-	2
5	244	-3-	1
5	245	-3-	1
5	249	-3-	4
5	250	-3-	2
5	252	-3-	1
5	255	-3-	3
5	260	-3-	2
5	261	-3-	5
5	268	-3-	1
5	269	-3-	3
5	270	-3-	3
5	273	-3-	1
5	282	-3-	3
5	283	-3-	3
5	284	-3-	4
5	291	-3-	5
5	292	-3-	5
5	298	-3-	2
5	302	-3-	4
5	305	-3-	1
5	306	-3-	4
5	307	-3-	1
5	308	-3-	5
5	309	-3-	4
5	313	-3-	4
5	322	-3-	4
5	324	-3-	5
5	325	-3-	5
5	326	-3-	4
5	327	-3-	4
5	328	-3-	4
5	330	-3-	4
5	334	-3-	5
5	336	-3-	3
5	337	-3-	4
5	338	-3-	4
5	339	-3-	4
5	340	-3-	4
5	343	-3-	4
5	347	-3-	2
5	348	-3-	2
5	349	-3-	2
5	350	-3-	4
5	352	-3-	4
5	376	-3-	5
5	386	-3-	5
5	390	-3-	4
5	401	-3-	3
5	403	-3-	4
5	404	-3-	3
5	405	-3-	3
5	406	-3-	3
5	407	-3-	3
5	408	-3-	3
5	410	-3-	5
5	412	-3-	3
5	413	-3-	4
5	414	-3-	4
5	415	-3-	4
5	418	-3-	3
5	420	-3-	4
5	429	-3-	3
5	433	-3-	2
5	434	-3-	2
5	440	-3-	4
5	441	-3-	2
5	442	-3-	4
5	449	-3-	5
5	466	-3-	4
5	473	-3-	1
5	479	-3-	4
5	491	-3-	2
5	495	-3-	2
5	497	-3-	3
5	498	-3-	5
5	499	-3-	3
5	500	-3-	3
5	508	-3-	4
5	519	-3-	4
5	526	-3-	4
5	537	-3-	3
5	542	-3-	2
5	544	-3-	4
5	559	-3-	2
5	599	-3-	3
5	609	-3-	5
5	614	-3-	4
5	617	-3-	4
5	618	-3-	4
5	648	-3-	5
5	651	-3-	5
5	652	-3-	5
5	653	-3-	5
5	670	-3-	4
5	671	-3-	3
5	677	-3-	4
5	681	-3-	5
5	689	-3-	4
5	696	-3-	3
5	705	-3-	4
5	707	-3-	4
5	708	-3-	4
5	712	-3-	3
5	715	-3-	1
5	716	-3-	5
5	718	-3-	4
5	733	-3-	4
5	738	-3-	4
5	754	-3-	4
5	756	-3-	5
5	757	-3-	3
5	761	-3-	4
5	773	-3-	3
5	774	-3-	4
5	775	-3-	4
5	780	-3-	2
5	782	-3-	4
5	786	-3-	2
6	1	-3-	5
6	2	-3-	5
6	3	-3-	4
6	5	-3-	5
6	6	-3-	4
6	8	-3-	4
6	9	-3-	3
6	11	-3-	2
6	13	-3-	3
6	23	-3-	4
6	24	-3-	1
6	36	-3-	3
6	40	-3-	3
6	41	-3-	5
6	53	-3-	1
6	56	-3-	3
6	64	-3-	3
6	65	-3-	5
6	66	-3-	3
6	69	-3-	3
6	70	-3-	5
6	71	-3-	5
6	72	-3-	3
6	73	-3-	3
6	75	-3-	4
6	77	-3-	1
6	79	-3-	1
6	80	-3-	4
6	81	-3-	3
6	83	-3-	3
6	84	-3-	1
6	85	-3-	4
6	86	-3-	1
6	90	-3-	3
6	91	-3-	4
6	94	-3-	4
6	95	-3-	5
6	97	-3-	3
6	99	-3-	3
6	100	-3-	3
6	101	-3-	4
6	102	-3-	3
6	106	-3-	3
6	107	-3-	4
6	108	-3-	5
6	109	-3-	4
6	110	-3-	2
6	111	-3-	4
6	112	-3-	4
6	115	-3-	2
6	117	-3-	5
6	119	-3-	3
6	120	-3-	4
6	122	-3-	3
6	123	-3-	3
6	124	-3-	5
6	126	-3-	2
6	128	-3-	5
6	129	-3-	5
6	130	-3-	5
6	133	-3-	3
6	135	-3-	4
6	136	-3-	5
6	137	-3-	4
6	138	-3-	5
6	143	-3-	4
6	144	-3-	3
6	147	-3-	2
6	148	-3-	5
6	149	-3-	5
6	151	-3-	3
6	152	-3-	3
6	153	-3-	3
6	156	-3-	4
6	158	-3-	5
6	164	-3-	5
6	170	-3-	3
6	171	-3-	5
6	172	-3-	3
6	175	-3-	2
6	176	-3-	2
6	177	-3-	5
6	178	-3-	4
6	179	-3-	3
6	180	-3-	3
6	184	-3-	4
6	185	-3-	4
6	186	-3-	3
6	190	-3-	5
6	191	-3-	3
6	192	-3-	5
6	193	-3-	2
6	197	-3-	2
6	205	-3-	4
6	209	-3-	3
6	210	-3-	3
6	211	-3-	1
6	214	-3-	4
6	215	-3-	3
6	217	-3-	5
6	218	-3-	4
6	219	-3-	4
6	220	-3-	2
6	221	-3-	2
6	223	-3-	2
6	226	-3-	3
6	233	-3-	1
6	246	-3-	4
6	247	-3-	3
6	248	-3-	5
6	250	-3-	4
6	251	-3-	5
6	252	-3-	3
6	253	-3-	5
6	254	-3-	3
6	255	-3-	3
6	256	-3-	1
6	257	-3-	2
6	258	-3-	3
6	259	-3-	2
6	260	-3-	4
6	261	-3-	4
6	262	-3-	2
6	263	-3-	5
6	264	-3-	4
6	265	-3-	2
6	266	-3-	5
6	267	-3-	4
6	268	-3-	4
6	269	-3-	4
6	270	-3-	2
6	271	-3-	1
6	272	-3-	4
6	273	-3-	4
6	274	-3-	2
6	275	-3-	3
6	276	-3-	3
6	277	-3-	1
6	278	-3-	2
6	279	-3-	5
6	280	-3-	4
6	281	-3-	1
6	282	-3-	4
6	283	-3-	2
6	284	-3-	2
6	285	-3-	1
6	286	-3-	4
6	287	-3-	3
6	288	-3-	5
6	289	-3-	3
6	291	-3-	4
6	292	-3-	5
6	294	-3-	4
6	295	-3-	3
6	296	-3-	2
6	301	-3-	4
6	302	-3-	4
6	303	-3-	3
6	304	-3-	4
6	305	-3-	3
6	306	-3-	5
6	309	-3-	5
6	311	-3-	4
6	312	-3-	5
6	313	-3-	5
6	318	-3-	3
6	323	-3-	5
6	330	-3-	1
6	337	-3-	3
6	338	-3-	3
6	340	-3-	2
6	341	-3-	1
6	344	-3-	3
6	346	-3-	3
6	349	-3-	4
6	372	-3-	3
6	374	-3-	4
6	376	-3-	2
6	379	-3-	5
6	382	-3-	2
6	389	-3-	3
6	391	-3-	4
6	399	-3-	1
6	402	-3-	3
6	406	-3-	3
6	407	-3-	3
6	410	-3-	3
6	411	-3-	5
6	413	-3-	3
6	414	-3-	3
6	417	-3-	2
6	426	-3-	2
6	434	-3-	4
6	435	-3-	3
6	440	-3-	2
6	446	-3-	3
6	450	-3-	1
6	452	-3-	1
6	453	-3-	2
6	461	-3-	4
6	462	-3-	4
6	463	-3-	3
6	464	-3-	3
6	465	-3-	4
6	466	-3-	3
6	467	-3-	3
6	468	-3-	4
6	469	-3-	3
6	471	-3-	4
6	472	-3-	2
6	473	-3-	3
6	474	-3-	4
6	475	-3-	3
6	476	-3-	3
6	477	-3-	3
6	478	-3-	4
6	479	-3-	4
6	480	-3-	3
6	481	-3-	3
6	482	-3-	3
6	483	-3-	3
6	484	-3-	3
6	485	-3-	3
6	487	-3-	2
6	497	-3-	3
6	499	-3-	3
6	509	-3-	5
6	510	-3-	5
6	511	-3-	2
6	513	-3-	3
6	519	-3-	3
6	521	-3-	3
6	523	-3-	3
6	526	-3-	3
6	529	-3-	2
6	531	-3-	3
6	535	-3-	2
6	536	-3-	2
6	539	-3-	2
6	540	-3-	3
6	541	-3-	5
6	559	-3-	1
6	570	-3-	4
6	571	-3-	3
6	573	-3-	4
6	574	-3-	4
6	575	-3-	3
6	578	-3-	4
6	580	-3-	2
6	581	-3-	2
6	583	-3-	3
6	585	-3-	4
6	586	-3-	4
6	589	-3-	1
6	601	-3-	4
6	603	-3-	5
6	604	-3-	3
6	608	-3-	3
6	614	-3-	3
6	616	-3-	3
6	617	-3-	1
6	619	-3-	1
6	632	-3-	3
6	655	-3-	4
6	666	-3-	2
6	675	-3-	3
6	679	-3-	2
6	688	-3-	3
6	689	-3-	5
6	703	-3-	4
6	704	-3-	5
6	707	-3-	4
6	711	-3-	3
6	714	-3-	4
6	718	-3-	3
6	719	-3-	2
6	720	-3-	2
6	734	-3-	3
6	740	-3-	3
6	743	-3-	3
6	747	-3-	4
6	774	-3-	2
6	780	-3-	3
6	786	-3-	3
7	1	-3-	3
7	5	-3-	5
7	6	-3-	4
7	8	-3-	3
7	9	-3-	4
7	10	-3-	3
7	11	-3-	5
7	13	-3-	4
7	16	-3-	2
7	18	-3-	4
7	23	-3-	2
7	24	-3-	3
7	30	-3-	4
7	32	-3-	4
7	36	-3-	5
7	40	-3-	4
7	41	-3-	4
7	44	-3-	4
7	49	-3-	5
7	51	-3-	3
7	53	-3-	4
7	54	-3-	4
7	64	-3-	4
7	66	-3-	4
7	69	-3-	4
7	70	-3-	5
7	71	-3-	4
7	73	-3-	4
7	74	-3-	5
7	75	-3-	5
7	77	-3-	3
7	81	-3-	2
7	83	-3-	5
7	84	-3-	3
7	85	-3-	4
7	87	-3-	4
7	88	-3-	5
7	90	-3-	5
7	93	-3-	4
7	94	-3-	5
7	98	-3-	5
7	100	-3-	4
7	102	-3-	4
7	103	-3-	3
7	106	-3-	4
7	107	-3-	5
7	108	-3-	3
7	109	-3-	4
7	110	-3-	5
7	113	-3-	4
7	116	-3-	3
7	117	-3-	3
7	120	-3-	4
7	121	-3-	5
7	122	-3-	3
7	124	-3-	3
7	128	-3-	4
7	129	-3-	4
7	130	-3-	4
7	133	-3-	5
7	134	-3-	5
7	135	-3-	4
7	136	-3-	4
7	137	-3-	5
7	140	-3-	4
7	141	-3-	3
7	142	-3-	4
7	143	-3-	4
7	144	-3-	4
7	146	-3-	4
7	147	-3-	3
7	148	-3-	5
7	149	-3-	5
7	152	-3-	4
7	160	-3-	3
7	170	-3-	4
7	173	-3-	4
7	174	-3-	5
7	175	-3-	5
7	176	-3-	4
7	177	-3-	4
7	178	-3-	5
7	179	-3-	5
7	180	-3-	5
7	181	-3-	4
7	182	-3-	3
7	186	-3-	4
7	187	-3-	4
7	189	-3-	4
7	190	-3-	4
7	193	-3-	4
7	194	-3-	4
7	196	-3-	4
7	197	-3-	5
7	198	-3-	5
7	199	-3-	4
7	200	-3-	2
7	207	-3-	5
7	209	-3-	4
7	210	-3-	5
7	214	-3-	4
7	217	-3-	5
7	218	-3-	5
7	220	-3-	5
7	221	-3-	4
7	222	-3-	4
7	223	-3-	5
7	226	-3-	3
7	231	-3-	4
7	232	-3-	4
7	233	-3-	4
7	237	-3-	2
7	241	-3-	3
7	242	-3-	3
7	246	-3-	4
7	247	-3-	4
7	249	-3-	3
7	250	-3-	4
7	253	-3-	5
7	254	-3-	4
7	255	-3-	5
7	258	-3-	5
7	260	-3-	4
7	263	-3-	3
7	267	-3-	5
7	268	-3-	5
7	273	-3-	4
7	279	-3-	5
7	282	-3-	5
7	284	-3-	3
7	289	-3-	4
7	290	-3-	4
7	291	-3-	5
7	292	-3-	3
7	293	-3-	4
7	294	-3-	4
7	295	-3-	5
7	296	-3-	5
7	297	-3-	4
7	298	-3-	5
7	299	-3-	5
7	300	-3-	5
7	301	-3-	4
7	302	-3-	4
7	303	-3-	3
7	304	-3-	4
7	305	-3-	4
7	306	-3-	5
7	307	-3-	3
7	308	-3-	4
7	309	-3-	5
7	310	-3-	4
7	311	-3-	5
7	312	-3-	4
7	313	-3-	3
7	314	-3-	2
7	315	-3-	1
7	316	-3-	1
7	317	-3-	2
7	318	-3-	1
7	319	-3-	2
7	320	-3-	2
7	321	-3-	2
7	322	-3-	2
7	323	-3-	2
7	330	-3-	4
7	336	-3-	3
7	337	-3-	3
7	338	-3-	3
7	341	-3-	4
7	342	-3-	2
7	347	-3-	4
7	348	-3-	4
7	349	-3-	4
7	350	-3-	4
7	353	-3-	3
7	372	-3-	4
7	374	-3-	5
7	375	-3-	5
7	377	-3-	4
7	378	-3-	4
7	381	-3-	4
7	382	-3-	3
7	384	-3-	4
7	386	-3-	3
7	389	-3-	5
7	390	-3-	5
7	391	-3-	4
7	401	-3-	3
7	403	-3-	3
7	405	-3-	3
7	406	-3-	4
7	407	-3-	4
7	410	-3-	4
7	411	-3-	3
7	412	-3-	4
7	413	-3-	4
7	414	-3-	4
7	415	-3-	3
7	416	-3-	3
7	417	-3-	4
7	418	-3-	3
7	419	-3-	3
7	420	-3-	4
7	421	-3-	4
7	422	-3-	3
7	423	-3-	5
7	433	-3-	5
7	434	-3-	4
7	437	-3-	4
7	446	-3-	4
7	451	-3-	4
7	452	-3-	3
7	453	-3-	4
7	454	-3-	5
7	461	-3-	4
7	462	-3-	3
7	463	-3-	3
7	464	-3-	4
7	466	-3-	3
7	467	-3-	4
7	468	-3-	4
7	469	-3-	4
7	470	-3-	3
7	471	-3-	3
7	472	-3-	4
7	473	-3-	4
7	474	-3-	4
7	475	-3-	3
7	476	-3-	4
7	477	-3-	3
7	478	-3-	4
7	480	-3-	3
7	481	-3-	4
7	482	-3-	4
7	483	-3-	3
7	484	-3-	4
7	485	-3-	4
7	486	-3-	4
7	487	-3-	3
7	499	-3-	4
7	508	-3-	5
7	509	-3-	4
7	519	-3-	3
7	524	-3-	4
7	525	-3-	3
7	536	-3-	3
7	537	-3-	4
7	541	-3-	4
7	570	-3-	5
7	574	-3-	3
7	576	-3-	4
7	580	-3-	4
7	583	-3-	3
7	588	-3-	4
7	599	-3-	5
7	600	-3-	4
7	603	-3-	5
7	617	-3-	4
7	618	-3-	3
7	622	-3-	5
7	623	-3-	4
7	624	-3-	4
7	625	-3-	4
7	626	-3-	4
7	629	-3-	3
7	630	-3-	4
7	631	-3-	3
7	632	-3-	3
7	633	-3-	4
7	634	-3-	3
7	635	-3-	4
7	655	-3-	3
7	689	-3-	5
7	690	-3-	4
7	696	-3-	4
7	704	-3-	5
7	706	-3-	5
7	709	-3-	4
7	715	-3-	4
7	717	-3-	4
7	719	-3-	3
7	720	-3-	4
7	734	-3-	4
7	735	-3-	4
7	736	-3-	4
7	743	-3-	5
7	754	-3-	3
7	756	-3-	4
7	757	-3-	4
7	758	-3-	4
7	759	-3-	4
7	760	-3-	5
7	761	-3-	5
7	762	-3-	5
7	763	-3-	4
7	764	-3-	4
7	765	-3-	5
7	766	-3-	4
7	767	-3-	4
7	768	-3-	3
7	769	-3-	3
7	770	-3-	4
7	771	-3-	4
7	772	-3-	5
7	773	-3-	4
7	774	-3-	4
7	775	-3-	4
7	780	-3-	3
7	783	-3-	3
7	786	-3-	4
7	787	-3-	5
8	1	-3-	3
8	5	-3-	4
8	6	-3-	4
8	8	-3-	3
8	9	-3-	3
8	10	-3-	3
8	11	-3-	5
8	16	-3-	3
8	17	-3-	3
8	18	-3-	3
8	20	-3-	3
8	23	-3-	5
8	26	-3-	3
8	32	-3-	3
8	36	-3-	4
8	39	-3-	4
8	40	-3-	3
8	41	-3-	3
8	42	-3-	3
8	49	-3-	3
8	51	-3-	4
8	53	-3-	4
8	54	-3-	2
8	56	-3-	2
8	64	-3-	5
8	67	-3-	3
8	70	-3-	3
8	72	-3-	3
8	75	-3-	4
8	77	-3-	3
8	79	-3-	4
8	80	-3-	4
8	81	-3-	3
8	82	-3-	4
8	83	-3-	2
8	84	-3-	4
8	85	-3-	3
8	87	-3-	2
8	88	-3-	4
8	90	-3-	3
8	91	-3-	3
8	93	-3-	4
8	96	-3-	4
8	97	-3-	4
8	98	-3-	3
8	100	-3-	4
8	102	-3-	3
8	103	-3-	2
8	106	-3-	3
8	107	-3-	4
8	108	-3-	4
8	110	-3-	3
8	111	-3-	2
8	116	-3-	2
8	125	-3-	2
8	128	-3-	2
8	129	-3-	4
8	130	-3-	2
8	132	-3-	3
8	135	-3-	3
8	137	-3-	3
8	140	-3-	3
8	149	-3-	4
8	170	-3-	4
8	172	-3-	1
8	173	-3-	3
8	174	-3-	2
8	175	-3-	2
8	176	-3-	3
8	179	-3-	2
8	180	-3-	3
8	181	-3-	1
8	182	-3-	5
8	183	-3-	4
8	186	-3-	3
8	187	-3-	4
8	189	-3-	2
8	190	-3-	3
8	191	-3-	3
8	193	-3-	3
8	194	-3-	4
8	195	-3-	3
8	196	-3-	2
8	198	-3-	3
8	199	-3-	2
8	200	-3-	4
8	203	-3-	4
8	206	-3-	2
8	207	-3-	4
8	208	-3-	2
8	209	-3-	3
8	210	-3-	2
8	211	-3-	3
8	212	-3-	3
8	213	-3-	2
8	214	-3-	5
8	215	-3-	5
8	216	-3-	2
8	217	-3-	5
8	218	-3-	3
8	219	-3-	4
8	220	-3-	4
8	221	-3-	3
8	222	-3-	4
8	223	-3-	2
8	224	-3-	2
8	226	-3-	3
8	227	-3-	3
8	228	-3-	4
8	230	-3-	4
8	232	-3-	3
8	234	-3-	4
8	235	-3-	4
8	239	-3-	3
8	242	-3-	3
8	247	-3-	3
8	249	-3-	3
8	250	-3-	2
8	252	-3-	4
8	259	-3-	5
8	260	-3-	3
8	261	-3-	2
8	263	-3-	4
8	267	-3-	2
8	268	-3-	4
8	269	-3-	3
8	279	-3-	3
8	283	-3-	3
8	284	-3-	4
8	290	-3-	3
8	292	-3-	4
8	293	-3-	3
8	294	-3-	2
8	295	-3-	2
8	296	-3-	3
8	297	-3-	3
8	299	-3-	4
8	300	-3-	4
8	302	-3-	4
8	304	-3-	3
8	305	-3-	3
8	306	-3-	4
8	308	-3-	2
8	309	-3-	2
8	310	-3-	3
8	311	-3-	4
8	312	-3-	3
8	313	-3-	3
8	319	-3-	3
8	322	-3-	2
8	324	-3-	4
8	325	-3-	4
8	326	-3-	3
8	327	-3-	4
8	328	-3-	4
8	329	-3-	3
8	330	-3-	4
8	331	-3-	3
8	332	-3-	4
8	333	-3-	3
8	334	-3-	3
8	335	-3-	3
8	336	-3-	3
8	337	-3-	4
8	338	-3-	4
8	339	-3-	3
8	340	-3-	3
8	341	-3-	3
8	342	-3-	3
8	343	-3-	4
8	344	-3-	3
8	345	-3-	3
8	346	-3-	3
8	347	-3-	3
8	348	-3-	4
8	349	-3-	4
8	350	-3-	5
8	351	-3-	3
8	352	-3-	3
8	353	-3-	4
8	354	-3-	3
8	355	-3-	3
8	356	-3-	3
8	357	-3-	4
8	358	-3-	2
8	359	-3-	2
8	360	-3-	1
8	361	-3-	2
8	362	-3-	1
8	363	-3-	1
8	364	-3-	1
8	365	-3-	1
8	366	-3-	1
8	367	-3-	2
8	368	-3-	1
8	369	-3-	1
8	370	-3-	1
8	376	-3-	3
8	379	-3-	2
8	388	-3-	3
8	403	-3-	3
8	404	-3-	3
8	410	-3-	5
8	412	-3-	5
8	413	-3-	5
8	414	-3-	3
8	416	-3-	3
8	417	-3-	3
8	419	-3-	3
8	420	-3-	5
8	421	-3-	2
8	422	-3-	3
8	429	-3-	3
8	433	-3-	3
8	435	-3-	4
8	436	-3-	3
8	442	-3-	4
8	449	-3-	2
8	456	-3-	2
8	491	-3-	4
8	492	-3-	4
8	493	-3-	4
8	496	-3-	4
8	497	-3-	4
8	498	-3-	3
8	500	-3-	2
8	509	-3-	2
8	510	-3-	4
8	512	-3-	2
8	522	-3-	3
8	526	-3-	4
8	529	-3-	3
8	536	-3-	2
8	544	-3-	2
8	559	-3-	1
8	609	-3-	2
8	617	-3-	3
8	619	-3-	1
8	648	-3-	2
8	649	-3-	4
8	652	-3-	4
8	670	-3-	4
8	676	-3-	1
8	677	-3-	2
8	679	-3-	3
8	680	-3-	2
8	681	-3-	2
8	686	-3-	3
8	705	-3-	5
8	707	-3-	3
8	708	-3-	5
8	712	-3-	1
8	716	-3-	3
8	717	-3-	1
8	718	-3-	2
8	719	-3-	4
8	720	-3-	3
8	733	-3-	3
8	737	-3-	2
8	738	-3-	3
8	743	-3-	2
8	745	-3-	2
8	756	-3-	2
8	758	-3-	4
8	772	-3-	2
8	773	-3-	2
8	774	-3-	2
8	780	-3-	3
8	782	-3-	5
9	2	-3-	4
9	4	-3-	2
9	8	-3-	3
9	9	-3-	3
9	10	-3-	4
9	11	-3-	3
9	12	-3-	4
9	13	-3-	2
9	16	-3-	1
9	17	-3-	1
9	18	-3-	3
9	23	-3-	4
9	24	-3-	3
9	26	-3-	3
9	30	-3-	3
9	32	-3-	2
9	36	-3-	2
9	38	-3-	3
9	39	-3-	2
9	42	-3-	4
9	43	-3-	4
9	44	-3-	4
9	49	-3-	1
9	51	-3-	4
9	53	-3-	1
9	54	-3-	1
9	56	-3-	3
9	64	-3-	3
9	65	-3-	5
9	66	-3-	4
9	67	-3-	4
9	68	-3-	3
9	69	-3-	4
9	70	-3-	4
9	73	-3-	3
9	74	-3-	3
9	75	-3-	4
9	77	-3-	3
9	79	-3-	4
9	80	-3-	1
9	83	-3-	4
9	84	-3-	3
9	85	-3-	4
9	87	-3-	3
9	88	-3-	4
9	90	-3-	3
9	91	-3-	3
9	93	-3-	4
9	94	-3-	3
9	95	-3-	1
9	96	-3-	3
9	97	-3-	3
9	99	-3-	4
9	100	-3-	4
9	106	-3-	5
9	107	-3-	5
9	110	-3-	5
9	113	-3-	3
9	116	-3-	1
9	119	-3-	5
9	120	-3-	4
9	121	-3-	5
9	122	-3-	4
9	124	-3-	3
9	125	-3-	4
9	126	-3-	4
9	133	-3-	2
9	136	-3-	3
9	137	-3-	3
9	139	-3-	4
9	140	-3-	4
9	141	-3-	2
9	143	-3-	1
9	144	-3-	2
9	145	-3-	3
9	147	-3-	4
9	148	-3-	4
9	149	-3-	4
9	158	-3-	2
9	170	-3-	4
9	171	-3-	1
9	172	-3-	4
9	173	-3-	2
9	174	-3-	1
9	175	-3-	3
9	179	-3-	2
9	180	-3-	1
9	181	-3-	1
9	182	-3-	1
9	183	-3-	4
9	184	-3-	3
9	187	-3-	2
9	189	-3-	3
9	190	-3-	3
9	192	-3-	3
9	193	-3-	3
9	196	-3-	1
9	197	-3-	4
9	198	-3-	1
9	199	-3-	3
9	200	-3-	3
9	206	-3-	4
9	207	-3-	3
9	209	-3-	3
9	214	-3-	3
9	216	-3-	3
9	217	-3-	2
9	218	-3-	3
9	219	-3-	1
9	220	-3-	4
9	221	-3-	3
9	222	-3-	3
9	223	-3-	2
9	226	-3-	3
9	227	-3-	2
9	228	-3-	3
9	231	-3-	4
9	233	-3-	3
9	234	-3-	3
9	235	-3-	1
9	241	-3-	2
9	242	-3-	3
9	249	-3-	2
9	250	-3-	3
9	252	-3-	4
9	253	-3-	5
9	255	-3-	3
9	263	-3-	3
9	267	-3-	3
9	268	-3-	4
9	269	-3-	4
9	272	-3-	1
9	273	-3-	4
9	276	-3-	1
9	279	-3-	5
9	282	-3-	3
9	283	-3-	4
9	284	-3-	3
9	286	-3-	3
9	287	-3-	3
9	289	-3-	2
9	290	-3-	3
9	291	-3-	4
9	292	-3-	2
9	294	-3-	1
9	295	-3-	2
9	296	-3-	3
9	297	-3-	4
9	298	-3-	3
9	299	-3-	4
9	300	-3-	3
9	301	-3-	4
9	302	-3-	4
9	304	-3-	2
9	305	-3-	3
9	306	-3-	3
9	308	-3-	3
9	309	-3-	1
9	310	-3-	1
9	311	-3-	2
9	313	-3-	2
9	320	-3-	1
9	321	-3-	3
9	326	-3-	1
9	331	-3-	1
9	336	-3-	3
9	337	-3-	3
9	338	-3-	3
9	340	-3-	4
9	341	-3-	3
9	342	-3-	3
9	344	-3-	3
9	345	-3-	3
9	346	-3-	3
9	347	-3-	3
9	348	-3-	3
9	349	-3-	3
9	350	-3-	5
9	357	-3-	2
9	371	-3-	5
9	372	-3-	5
9	373	-3-	5
9	374	-3-	4
9	375	-3-	4
9	376	-3-	4
9	377	-3-	4
9	378	-3-	4
9	379	-3-	4
9	380	-3-	4
9	381	-3-	3
9	382	-3-	3
9	383	-3-	3
9	384	-3-	3
9	385	-3-	3
9	386	-3-	3
9	387	-3-	3
9	388	-3-	3
9	389	-3-	3
9	390	-3-	3
9	391	-3-	3
9	392	-3-	2
9	393	-3-	2
9	394	-3-	2
9	395	-3-	2
9	396	-3-	2
9	397	-3-	2
9	398	-3-	2
9	399	-3-	1
9	400	-3-	1
9	401	-3-	1
9	402	-3-	1
9	405	-3-	4
9	406	-3-	4
9	407	-3-	3
9	410	-3-	3
9	411	-3-	3
9	420	-3-	4
9	421	-3-	3
9	423	-3-	1
9	433	-3-	3
9	434	-3-	3
9	450	-3-	1
9	452	-3-	1
9	453	-3-	2
9	464	-3-	2
9	466	-3-	4
9	469	-3-	3
9	473	-3-	3
9	479	-3-	4
9	486	-3-	1
9	497	-3-	4
9	509	-3-	4
9	510	-3-	3
9	519	-3-	3
9	524	-3-	3
9	531	-3-	2
9	532	-3-	1
9	535	-3-	3
9	538	-3-	3
9	540	-3-	2
9	541	-3-	2
9	571	-3-	2
9	574	-3-	2
9	583	-3-	2
9	584	-3-	3
9	588	-3-	3
9	598	-3-	3
9	599	-3-	4
9	600	-3-	3
9	603	-3-	3
9	609	-3-	3
9	620	-3-	2
9	621	-3-	3
9	622	-3-	2
9	627	-3-	2
9	628	-3-	2
9	629	-3-	2
9	633	-3-	4
9	635	-3-	3
9	655	-3-	2
9	664	-3-	2
9	667	-3-	3
9	674	-3-	4
9	704	-3-	3
9	706	-3-	4
9	734	-3-	3
9	736	-3-	2
9	743	-3-	1
9	754	-3-	2
9	756	-3-	4
9	757	-3-	3
9	758	-3-	1
9	759	-3-	1
9	761	-3-	1
9	763	-3-	3
9	764	-3-	1
9	765	-3-	1
9	766	-3-	1
9	768	-3-	1
9	770	-3-	2
9	772	-3-	1
9	773	-3-	3
9	774	-3-	3
9	775	-3-	3
9	781	-3-	4
10	1	-3-	5
10	2	-3-	4
10	3	-3-	3
10	4	-3-	3
10	6	-3-	1
10	8	-3-	3
10	12	-3-	3
10	15	-3-	5
10	16	-3-	4
10	17	-3-	2
10	19	-3-	3
10	20	-3-	5
10	21	-3-	4
10	23	-3-	3
10	32	-3-	4
10	33	-3-	5
10	34	-3-	3
10	36	-3-	5
10	38	-3-	2
10	40	-3-	4
10	41	-3-	5
10	42	-3-	5
10	43	-3-	4
10	49	-3-	5
10	51	-3-	4
10	53	-3-	1
10	54	-3-	2
10	64	-3-	5
10	65	-3-	3
10	66	-3-	3
10	67	-3-	4
10	69	-3-	5
10	73	-3-	5
10	74	-3-	3
10	76	-3-	2
10	77	-3-	5
10	79	-3-	5
10	80	-3-	2
10	83	-3-	5
10	84	-3-	3
10	85	-3-	5
10	87	-3-	2
10	89	-3-	2
10	90	-3-	2
10	91	-3-	3
10	92	-3-	2
10	100	-3-	3
10	101	-3-	3
10	103	-3-	4
10	106	-3-	5
10	108	-3-	3
10	110	-3-	5
10	116	-3-	4
10	119	-3-	3
10	120	-3-	4
10	123	-3-	2
10	124	-3-	2
10	125	-3-	3
10	128	-3-	2
10	132	-3-	4
10	137	-3-	4
10	140	-3-	1
10	142	-3-	5
10	143	-3-	4
10	149	-3-	5
10	154	-3-	3
10	164	-3-	3
10	170	-3-	3
10	171	-3-	3
10	172	-3-	5
10	173	-3-	4
10	174	-3-	4
10	175	-3-	4
10	177	-3-	4
10	180	-3-	4
10	181	-3-	4
10	182	-3-	5
10	183	-3-	5
10	184	-3-	3
10	185	-3-	4
10	187	-3-	3
10	188	-3-	5
10	189	-3-	3
10	190	-3-	3
10	191	-3-	5
10	192	-3-	2
10	194	-3-	4
10	196	-3-	2
10	197	-3-	4
10	198	-3-	3
10	199	-3-	4
10	200	-3-	4
10	206	-3-	4
10	207	-3-	4
10	208	-3-	3
10	209	-3-	3
10	210	-3-	2
10	211	-3-	2
10	215	-3-	5
10	216	-3-	5
10	217	-3-	5
10	218	-3-	4
10	219	-3-	4
10	220	-3-	5
10	221	-3-	5
10	222	-3-	4
10	224	-3-	3
10	225	-3-	5
10	230	-3-	4
10	231	-3-	3
10	233	-3-	5
10	234	-3-	3
10	237	-3-	3
10	239	-3-	1
10	247	-3-	1
10	248	-3-	3
10	250	-3-	3
10	251	-3-	2
10	259	-3-	5
10	268	-3-	3
10	270	-3-	5
10	272	-3-	2
10	273	-3-	3
10	279	-3-	2
10	282	-3-	3
10	283	-3-	3
10	284	-3-	3
10	290	-3-	2
10	291	-3-	3
10	296	-3-	4
10	298	-3-	4
10	300	-3-	4
10	301	-3-	3
10	302	-3-	2
10	303	-3-	2
10	307	-3-	4
10	309	-3-	3
10	321	-3-	4
10	324	-3-	4
10	325	-3-	5
10	326	-3-	4
10	327	-3-	3
10	328	-3-	2
10	329	-3-	3
10	330	-3-	3
10	332	-3-	3
10	334	-3-	4
10	335	-3-	4
10	336	-3-	4
10	337	-3-	3
10	338	-3-	3
10	343	-3-	5
10	344	-3-	3
10	345	-3-	3
10	346	-3-	3
10	347	-3-	3
10	348	-3-	3
10	349	-3-	3
10	352	-3-	4
10	353	-3-	3
10	354	-3-	3
10	355	-3-	1
10	356	-3-	1
10	372	-3-	4
10	374	-3-	3
10	375	-3-	4
10	376	-3-	2
10	377	-3-	3
10	378	-3-	3
10	380	-3-	2
10	382	-3-	1
10	383	-3-	3
10	384	-3-	3
10	385	-3-	1
10	386	-3-	3
10	387	-3-	3
10	388	-3-	4
10	390	-3-	2
10	391	-3-	2
10	399	-3-	2
10	401	-3-	3
10	403	-3-	4
10	404	-3-	4
10	405	-3-	4
10	406	-3-	5
10	407	-3-	3
10	408	-3-	3
10	409	-3-	4
10	410	-3-	5
10	411	-3-	5
10	412	-3-	5
10	413	-3-	5
10	414	-3-	4
10	415	-3-	3
10	416	-3-	4
10	417	-3-	4
10	418	-3-	4
10	419	-3-	5
10	420	-3-	5
10	421	-3-	4
10	422	-3-	5
10	423	-3-	3
10	424	-3-	2
10	425	-3-	1
10	426	-3-	1
10	427	-3-	2
10	429	-3-	2
10	430	-3-	2
10	431	-3-	2
10	432	-3-	2
10	433	-3-	4
10	435	-3-	4
10	438	-3-	4
10	439	-3-	2
10	440	-3-	4
10	449	-3-	2
10	451	-3-	4
10	455	-3-	3
10	456	-3-	2
10	467	-3-	3
10	483	-3-	2
10	491	-3-	2
10	492	-3-	3
10	493	-3-	3
10	496	-3-	3
10	497	-3-	4
10	498	-3-	3
10	500	-3-	2
10	501	-3-	1
10	510	-3-	3
10	519	-3-	5
10	522	-3-	2
10	527	-3-	2
10	529	-3-	4
10	536	-3-	3
10	543	-3-	1
10	544	-3-	2
10	559	-3-	5
10	606	-3-	4
10	607	-3-	5
10	609	-3-	4
10	614	-3-	4
10	615	-3-	3
10	616	-3-	2
10	618	-3-	2
10	621	-3-	2
10	624	-3-	3
10	627	-3-	2
10	629	-3-	2
10	630	-3-	2
10	632	-3-	4
10	633	-3-	2
10	634	-3-	2
10	648	-3-	4
10	649	-3-	5
10	650	-3-	4
10	652	-3-	1
10	653	-3-	5
10	654	-3-	5
10	666	-3-	3
10	672	-3-	2
10	677	-3-	4
10	678	-3-	3
10	680	-3-	4
10	681	-3-	5
10	686	-3-	4
10	687	-3-	2
10	689	-3-	3
10	694	-3-	5
10	695	-3-	4
10	707	-3-	2
10	715	-3-	3
10	716	-3-	4
10	717	-3-	4
10	718	-3-	3
10	719	-3-	3
10	720	-3-	4
10	741	-3-	3
10	745	-3-	2
10	756	-3-	3
10	758	-3-	3
10	759	-3-	2
10	760	-3-	4
10	761	-3-	4
10	764	-3-	2
10	765	-3-	2
10	766	-3-	1
10	768	-3-	2
10	769	-3-	2
10	770	-3-	1
10	771	-3-	3
10	772	-3-	2
10	774	-3-	4
10	775	-3-	2
11	1	-3-	4
11	2	-3-	4
11	3	-3-	4
11	4	-3-	4
11	5	-3-	5
11	6	-3-	5
11	8	-3-	3
11	11	-3-	4
11	14	-3-	4
11	16	-3-	3
11	17	-3-	3
11	18	-3-	5
11	20	-3-	4
11	21	-3-	5
11	22	-3-	5
11	23	-3-	2
11	27	-3-	3
11	28	-3-	4
11	29	-3-	3
11	30	-3-	4
11	32	-3-	3
11	33	-3-	5
11	35	-3-	4
11	36	-3-	4
11	37	-3-	3
11	39	-3-	3
11	43	-3-	4
11	44	-3-	2
11	45	-3-	5
11	47	-3-	4
11	49	-3-	4
11	50	-3-	2
11	51	-3-	5
11	52	-3-	2
11	54	-3-	4
11	65	-3-	5
11	66	-3-	5
11	67	-3-	4
11	69	-3-	3
11	71	-3-	4
11	73	-3-	4
11	74	-3-	4
11	75	-3-	3
11	76	-3-	3
11	78	-3-	5
11	79	-3-	4
11	80	-3-	5
11	81	-3-	4
11	82	-3-	4
11	84	-3-	4
11	88	-3-	3
11	89	-3-	4
11	90	-3-	4
11	91	-3-	5
11	93	-3-	1
11	94	-3-	4
11	96	-3-	3
11	97	-3-	3
11	99	-3-	4
11	100	-3-	5
11	101	-3-	4
11	102	-3-	5
11	103	-3-	4
11	105	-3-	4
11	108	-3-	4
11	109	-3-	5
11	115	-3-	3
11	116	-3-	3
11	117	-3-	3
11	119	-3-	5
11	122	-3-	5
11	124	-3-	4
11	125	-3-	5
11	126	-3-	5
11	127	-3-	4
11	128	-3-	5
11	129	-3-	5
11	130	-3-	4
11	132	-3-	4
11	136	-3-	4
11	137	-3-	2
11	140	-3-	3
11	143	-3-	4
11	144	-3-	2
11	148	-3-	4
11	150	-3-	5
11	151	-3-	4
11	153	-3-	4
11	155	-3-	4
11	170	-3-	3
11	171	-3-	4
11	172	-3-	5
11	178	-3-	5
11	179	-3-	4
11	183	-3-	3
11	185	-3-	3
11	186	-3-	3
11	188	-3-	4
11	190	-3-	3
11	191	-3-	4
11	192	-3-	4
11	195	-3-	4
11	197	-3-	4
11	198	-3-	5
11	199	-3-	5
11	200	-3-	5
11	203	-3-	4
11	207	-3-	5
11	209	-3-	4
11	210	-3-	4
11	211	-3-	5
11	212	-3-	5
11	213	-3-	5
11	215	-3-	3
11	217	-3-	4
11	218	-3-	5
11	219	-3-	5
11	224	-3-	4
11	228	-3-	5
11	231	-3-	4
11	233	-3-	4
11	237	-3-	3
11	238	-3-	3
11	248	-3-	3
11	250	-3-	4
11	253	-3-	4
11	255	-3-	5
11	260	-3-	4
11	269	-3-	4
11	270	-3-	3
11	282	-3-	2
11	283	-3-	3
11	284	-3-	5
11	291	-3-	5
11	293	-3-	2
11	294	-3-	1
11	295	-3-	2
11	296	-3-	5
11	298	-3-	3
11	302	-3-	5
11	305	-3-	3
11	306	-3-	4
11	307	-3-	3
11	309	-3-	4
11	318	-3-	4
11	319	-3-	3
11	320	-3-	1
11	323	-3-	2
11	324	-3-	3
11	332	-3-	3
11	333	-3-	3
11	335	-3-	4
11	336	-3-	4
11	337	-3-	4
11	338	-3-	4
11	339	-3-	4
11	340	-3-	5
11	342	-3-	4
11	347	-3-	5
11	348	-3-	5
11	349	-3-	5
11	350	-3-	5
11	355	-3-	4
11	372	-3-	4
11	376	-3-	4
11	379	-3-	4
11	388	-3-	5
11	398	-3-	2
11	401	-3-	4
11	405	-3-	4
11	406	-3-	4
11	407	-3-	3
11	408	-3-	5
11	409	-3-	3
11	410	-3-	4
11	411	-3-	4
11	413	-3-	5
11	417	-3-	5
11	418	-3-	4
11	419	-3-	4
11	422	-3-	5
11	425	-3-	2
11	426	-3-	5
11	428	-3-	2
11	429	-3-	4
11	433	-3-	5
11	434	-3-	3
11	435	-3-	3
11	436	-3-	4
11	437	-3-	4
11	438	-3-	5
11	439	-3-	5
11	440	-3-	3
11	441	-3-	4
11	442	-3-	3
11	443	-3-	4
11	444	-3-	4
11	445	-3-	3
11	446	-3-	5
11	447	-3-	3
11	448	-3-	3
11	449	-3-	4
11	450	-3-	4
11	451	-3-	4
11	452	-3-	4
11	453	-3-	3
11	454	-3-	5
11	455	-3-	3
11	456	-3-	3
11	457	-3-	1
11	458	-3-	2
11	459	-3-	1
11	460	-3-	2
11	465	-3-	3
11	471	-3-	5
11	472	-3-	4
11	473	-3-	4
11	474	-3-	3
11	479	-3-	4
11	480	-3-	2
11	483	-3-	5
11	487	-3-	5
11	491	-3-	5
11	492	-3-	5
11	493	-3-	5
11	495	-3-	4
11	497	-3-	4
11	498	-3-	3
11	499	-3-	3
11	510	-3-	3
11	511	-3-	4
11	519	-3-	2
11	526	-3-	4
11	527	-3-	3
11	529	-3-	2
11	530	-3-	3
11	542	-3-	3
11	544	-3-	2
11	559	-3-	4
11	570	-3-	2
11	574	-3-	5
11	582	-3-	4
11	594	-3-	5
11	603	-3-	4
11	606	-3-	4
11	607	-3-	5
11	608	-3-	5
11	615	-3-	4
11	622	-3-	5
11	624	-3-	4
11	627	-3-	4
11	646	-3-	3
11	650	-3-	5
11	651	-3-	4
11	654	-3-	4
11	655	-3-	3
11	666	-3-	5
11	667	-3-	3
11	669	-3-	4
11	672	-3-	3
11	673	-3-	4
11	678	-3-	4
11	679	-3-	4
11	687	-3-	4
11	688	-3-	4
11	689	-3-	4
11	690	-3-	5
11	692	-3-	2
11	693	-3-	3
11	694	-3-	4
11	695	-3-	4
11	696	-3-	3
11	705	-3-	3
11	708	-3-	5
11	710	-3-	4
11	713	-3-	3
11	714	-3-	4
11	733	-3-	3
11	734	-3-	2
11	738	-3-	1
11	739	-3-	5
11	741	-3-	5
11	746	-3-	4
11	748	-3-	5
11	758	-3-	3
11	768	-3-	3
11	771	-3-	4
11	773	-3-	2
11	788	-3-	4
11	789	-3-	4
12	1	-3-	2
12	2	-3-	4
12	4	-3-	2
12	5	-3-	2
12	6	-3-	2
12	7	-3-	2
12	9	-3-	3
12	10	-3-	3
12	13	-3-	3
12	16	-3-	2
12	17	-3-	2
12	18	-3-	2
12	22	-3-	1
12	23	-3-	3
12	24	-3-	2
12	26	-3-	2
12	32	-3-	2
12	36	-3-	2
12	41	-3-	3
12	42	-3-	2
12	43	-3-	2
12	44	-3-	4
12	45	-3-	1
12	51	-3-	2
12	53	-3-	2
12	54	-3-	2
12	56	-3-	2
12	65	-3-	5
12	67	-3-	2
12	69	-3-	4
12	70	-3-	2
12	72	-3-	2
12	73	-3-	5
12	74	-3-	1
12	75	-3-	5
12	77	-3-	2
12	78	-3-	3
12	79	-3-	3
12	80	-3-	2
12	84	-3-	3
12	85	-3-	3
12	87	-3-	2
12	88	-3-	3
12	90	-3-	3
12	93	-3-	3
12	94	-3-	2
12	95	-3-	2
12	96	-3-	2
12	97	-3-	3
12	98	-3-	3
12	99	-3-	3
12	100	-3-	3
12	106	-3-	2
12	108	-3-	5
12	109	-3-	3
12	112	-3-	2
12	119	-3-	4
12	120	-3-	4
12	121	-3-	4
12	124	-3-	2
12	125	-3-	4
12	128	-3-	2
12	133	-3-	3
12	135	-3-	5
12	137	-3-	3
12	138	-3-	3
12	139	-3-	3
12	140	-3-	2
12	142	-3-	3
12	143	-3-	2
12	144	-3-	2
12	145	-3-	2
12	149	-3-	3
12	150	-3-	4
12	152	-3-	4
12	158	-3-	3
12	170	-3-	4
12	171	-3-	2
12	172	-3-	2
12	175	-3-	2
12	176	-3-	2
12	177	-3-	2
12	179	-3-	2
12	183	-3-	1
12	185	-3-	2
12	187	-3-	3
12	188	-3-	3
12	189	-3-	3
12	195	-3-	3
12	197	-3-	2
12	205	-3-	3
12	207	-3-	4
12	208	-3-	2
12	210	-3-	3
12	216	-3-	2
12	217	-3-	2
12	218	-3-	2
12	219	-3-	3
12	221	-3-	3
12	224	-3-	2
12	226	-3-	2
12	228	-3-	3
12	231	-3-	3
12	233	-3-	4
12	235	-3-	2
12	237	-3-	3
12	241	-3-	3
12	246	-3-	3
12	247	-3-	2
12	250	-3-	3
12	253	-3-	4
12	263	-3-	3
12	267	-3-	4
12	270	-3-	2
12	272	-3-	3
12	273	-3-	3
12	279	-3-	3
12	284	-3-	2
12	288	-3-	1
12	289	-3-	2
12	292	-3-	4
12	297	-3-	3
12	298	-3-	2
12	299	-3-	3
12	300	-3-	4
12	301	-3-	4
12	307	-3-	3
12	309	-3-	3
12	313	-3-	2
12	314	-3-	2
12	318	-3-	3
12	319	-3-	2
12	323	-3-	3
12	331	-3-	2
12	338	-3-	2
12	342	-3-	2
12	347	-3-	2
12	348	-3-	2
12	349	-3-	2
12	350	-3-	2
12	371	-3-	2
12	373	-3-	3
12	374	-3-	3
12	375	-3-	2
12	376	-3-	2
12	380	-3-	2
12	386	-3-	2
12	391	-3-	5
12	401	-3-	2
12	405	-3-	2
12	406	-3-	2
12	407	-3-	2
12	408	-3-	2
12	410	-3-	2
12	411	-3-	2
12	416	-3-	2
12	417	-3-	1
12	419	-3-	1
12	422	-3-	2
12	425	-3-	2
12	428	-3-	2
12	433	-3-	3
12	436	-3-	2
12	443	-3-	3
12	445	-3-	2
12	446	-3-	3
12	450	-3-	3
12	451	-3-	2
12	461	-3-	3
12	462	-3-	3
12	463	-3-	4
12	464	-3-	4
12	465	-3-	3
12	466	-3-	4
12	467	-3-	5
12	468	-3-	4
12	469	-3-	4
12	470	-3-	3
12	471	-3-	3
12	472	-3-	4
12	473	-3-	4
12	474	-3-	4
12	475	-3-	4
12	476	-3-	4
12	477	-3-	4
12	478	-3-	3
12	479	-3-	3
12	480	-3-	4
12	481	-3-	3
12	482	-3-	3
12	483	-3-	4
12	484	-3-	4
12	485	-3-	3
12	486	-3-	4
12	487	-3-	3
12	488	-3-	2
12	489	-3-	2
12	490	-3-	2
12	491	-3-	3
12	492	-3-	3
12	493	-3-	3
12	494	-3-	2
12	495	-3-	2
12	496	-3-	2
12	497	-3-	2
12	498	-3-	3
12	499	-3-	3
12	500	-3-	2
12	501	-3-	2
12	508	-3-	5
12	513	-3-	4
12	519	-3-	2
12	520	-3-	3
12	526	-3-	2
12	535	-3-	3
12	538	-3-	3
12	540	-3-	3
12	544	-3-	2
12	559	-3-	3
12	575	-3-	2
12	583	-3-	2
12	598	-3-	3
12	599	-3-	4
12	600	-3-	4
12	607	-3-	2
12	608	-3-	2
12	632	-3-	2
12	648	-3-	2
12	649	-3-	2
12	651	-3-	2
12	653	-3-	2
12	664	-3-	3
12	666	-3-	2
12	669	-3-	1
12	671	-3-	3
12	674	-3-	4
12	678	-3-	2
12	680	-3-	2
12	681	-3-	2
12	688	-3-	4
12	690	-3-	2
12	703	-3-	3
12	704	-3-	2
12	710	-3-	2
12	746	-3-	1
12	747	-3-	3
12	754	-3-	2
12	757	-3-	2
12	759	-3-	2
12	760	-3-	2
12	761	-3-	2
12	762	-3-	2
12	763	-3-	2
12	765	-3-	2
12	767	-3-	2
12	768	-3-	2
12	769	-3-	2
12	770	-3-	2
12	771	-3-	2
12	772	-3-	2
12	773	-3-	2
12	774	-3-	3
12	775	-3-	3
12	780	-3-	4
12	781	-3-	3
12	782	-3-	3
12	783	-3-	2
12	785	-3-	2
12	787	-3-	3
12	788	-3-	3
12	789	-3-	3
13	1	-3-	4
13	2	-3-	5
13	3	-3-	4
13	5	-3-	3
13	6	-3-	4
13	7	-3-	5
13	9	-3-	4
13	11	-3-	5
13	13	-3-	5
13	14	-3-	5
13	15	-3-	3
13	16	-3-	5
13	18	-3-	4
13	21	-3-	4
13	23	-3-	5
13	27	-3-	3
13	28	-3-	3
13	30	-3-	3
13	32	-3-	4
13	34	-3-	5
13	36	-3-	3
13	37	-3-	5
13	40	-3-	5
13	43	-3-	4
13	44	-3-	5
13	46	-3-	2
13	47	-3-	2
13	49	-3-	4
13	51	-3-	3
13	52	-3-	4
13	53	-3-	1
13	54	-3-	3
13	65	-3-	4
13	66	-3-	5
13	69	-3-	5
13	71	-3-	5
13	73	-3-	5
13	74	-3-	3
13	76	-3-	5
13	77	-3-	3
13	79	-3-	5
13	80	-3-	5
13	81	-3-	5
13	83	-3-	4
13	84	-3-	5
13	87	-3-	3
13	88	-3-	5
13	89	-3-	2
13	90	-3-	5
13	91	-3-	5
13	92	-3-	4
13	94	-3-	3
13	99	-3-	4
13	100	-3-	4
13	101	-3-	5
13	103	-3-	2
13	104	-3-	1
13	105	-3-	2
13	106	-3-	4
13	107	-3-	5
13	109	-3-	5
13	110	-3-	3
13	119	-3-	5
13	120	-3-	5
13	123	-3-	3
13	124	-3-	5
13	125	-3-	5
13	128	-3-	5
13	129	-3-	5
13	130	-3-	4
13	131	-3-	5
13	132	-3-	5
13	135	-3-	4
13	137	-3-	5
13	140	-3-	4
13	143	-3-	3
13	144	-3-	4
13	148	-3-	5
13	149	-3-	5
13	150	-3-	3
13	152	-3-	5
13	154	-3-	4
13	157	-3-	4
13	164	-3-	2
13	170	-3-	4
13	172	-3-	4
13	175	-3-	3
13	176	-3-	4
13	177	-3-	4
13	178	-3-	5
13	179	-3-	4
13	183	-3-	5
13	185	-3-	5
13	186	-3-	5
13	187	-3-	5
13	188	-3-	4
13	190	-3-	3
13	191	-3-	4
13	192	-3-	4
13	193	-3-	5
13	197	-3-	3
13	205	-3-	3
13	207	-3-	5
13	209	-3-	4
13	210	-3-	5
13	211	-3-	3
13	212	-3-	3
13	213	-3-	3
13	215	-3-	5
13	217	-3-	3
13	218	-3-	4
13	219	-3-	3
13	220	-3-	5
13	221	-3-	5
13	226	-3-	5
13	227	-3-	1
13	231	-3-	4
13	233	-3-	5
13	234	-3-	3
13	237	-3-	5
13	238	-3-	5
13	250	-3-	3
13	255	-3-	4
13	259	-3-	4
13	260	-3-	4
13	261	-3-	3
13	269	-3-	5
13	270	-3-	4
13	283	-3-	5
13	284	-3-	4
13	290	-3-	5
13	296	-3-	5
13	301	-3-	3
13	302	-3-	5
13	303	-3-	4
13	306	-3-	3
13	307	-3-	4
13	309	-3-	4
13	314	-3-	4
13	318	-3-	4
13	322	-3-	5
13	326	-3-	4
13	332	-3-	4
13	333	-3-	4
13	335	-3-	3
13	336	-3-	5
13	337	-3-	3
13	338	-3-	3
13	340	-3-	5
13	343	-3-	5
13	344	-3-	5
13	345	-3-	4
13	346	-3-	5
13	347	-3-	4
13	348	-3-	5
13	349	-3-	4
13	350	-3-	3
13	352	-3-	3
13	353	-3-	5
13	355	-3-	1
13	356	-3-	2
13	357	-3-	1
13	373	-3-	4
13	375	-3-	5
13	376	-3-	3
13	388	-3-	3
13	391	-3-	4
13	399	-3-	3
13	401	-3-	4
13	405	-3-	5
13	406	-3-	4
13	407	-3-	4
13	408	-3-	4
13	410	-3-	4
13	411	-3-	5
13	413	-3-	5
13	415	-3-	4
13	416	-3-	5
13	417	-3-	4
13	425	-3-	4
13	428	-3-	4
13	433	-3-	3
13	435	-3-	4
13	445	-3-	3
13	450	-3-	4
13	451	-3-	5
13	461	-3-	3
13	462	-3-	4
13	463	-3-	3
13	464	-3-	3
13	465	-3-	4
13	466	-3-	4
13	468	-3-	3
13	469	-3-	3
13	470	-3-	4
13	471	-3-	4
13	472	-3-	5
13	473	-3-	4
13	475	-3-	3
13	476	-3-	3
13	477	-3-	3
13	478	-3-	3
13	479	-3-	4
13	480	-3-	3
13	482	-3-	4
13	483	-3-	4
13	485	-3-	3
13	486	-3-	3
13	487	-3-	4
13	491	-3-	5
13	492	-3-	5
13	493	-3-	5
13	494	-3-	4
13	495	-3-	5
13	496	-3-	5
13	497	-3-	3
13	498	-3-	5
13	499	-3-	5
13	500	-3-	5
13	501	-3-	5
13	502	-3-	2
13	503	-3-	1
13	504	-3-	1
13	505	-3-	1
13	506	-3-	2
13	507	-3-	1
13	508	-3-	5
13	510	-3-	3
13	526	-3-	4
13	535	-3-	5
13	540	-3-	3
13	543	-3-	3
13	599	-3-	4
13	608	-3-	5
13	615	-3-	4
13	617	-3-	5
13	618	-3-	4
13	620	-3-	3
13	622	-3-	4
13	623	-3-	3
13	624	-3-	4
13	625	-3-	3
13	627	-3-	4
13	630	-3-	5
13	635	-3-	3
13	648	-3-	4
13	649	-3-	3
13	650	-3-	4
13	651	-3-	5
13	653	-3-	4
13	666	-3-	3
13	671	-3-	5
13	672	-3-	3
13	676	-3-	5
13	680	-3-	3
13	681	-3-	4
13	688	-3-	5
13	690	-3-	4
13	692	-3-	2
13	703	-3-	3
13	705	-3-	4
13	738	-3-	3
13	739	-3-	4
13	740	-3-	4
13	756	-3-	3
13	757	-3-	3
13	771	-3-	3
13	773	-3-	3
13	774	-3-	5
13	780	-3-	5
13	781	-3-	5
13	782	-3-	4
13	783	-3-	4
13	785	-3-	4
13	786	-3-	5
13	787	-3-	3
13	788	-3-	5
13	789	-3-	5
14	1	-3-	5
14	2	-3-	5
14	3	-3-	3
14	5	-3-	3
14	8	-3-	4
14	9	-3-	4
14	10	-3-	3
14	11	-3-	4
14	13	-3-	4
14	16	-3-	2
14	18	-3-	2
14	23	-3-	3
14	24	-3-	1
14	32	-3-	3
14	36	-3-	4
14	41	-3-	4
14	46	-3-	1
14	50	-3-	1
14	53	-3-	1
14	54	-3-	3
14	56	-3-	3
14	57	-3-	1
14	65	-3-	4
14	66	-3-	4
14	67	-3-	3
14	69	-3-	5
14	70	-3-	4
14	73	-3-	5
14	74	-3-	4
14	75	-3-	4
14	77	-3-	1
14	79	-3-	3
14	82	-3-	2
14	83	-3-	4
14	84	-3-	4
14	85	-3-	4
14	87	-3-	3
14	91	-3-	4
14	94	-3-	3
14	97	-3-	3
14	98	-3-	2
14	99	-3-	4
14	101	-3-	3
14	102	-3-	2
14	103	-3-	3
14	107	-3-	4
14	108	-3-	3
14	109	-3-	4
14	110	-3-	4
14	111	-3-	1
14	115	-3-	3
14	117	-3-	3
14	119	-3-	4
14	120	-3-	5
14	121	-3-	4
14	124	-3-	3
14	125	-3-	4
14	126	-3-	4
14	127	-3-	3
14	129	-3-	3
14	130	-3-	3
14	133	-3-	4
14	135	-3-	4
14	136	-3-	3
14	137	-3-	3
14	140	-3-	4
14	142	-3-	3
14	143	-3-	3
14	144	-3-	2
14	148	-3-	3
14	149	-3-	3
14	151	-3-	1
14	152	-3-	3
14	155	-3-	2
14	157	-3-	2
14	158	-3-	3
14	164	-3-	2
14	170	-3-	3
14	172	-3-	4
14	175	-3-	3
14	176	-3-	3
14	177	-3-	5
14	178	-3-	4
14	179	-3-	2
14	184	-3-	4
14	185	-3-	4
14	187	-3-	3
14	189	-3-	3
14	190	-3-	3
14	192	-3-	1
14	197	-3-	3
14	199	-3-	4
14	207	-3-	3
14	209	-3-	3
14	210	-3-	2
14	211	-3-	3
14	217	-3-	3
14	218	-3-	3
14	219	-3-	2
14	226	-3-	4
14	227	-3-	1
14	247	-3-	2
14	250	-3-	4
14	251	-3-	3
14	252	-3-	3
14	253	-3-	4
14	259	-3-	3
14	260	-3-	3
14	263	-3-	2
14	267	-3-	3
14	269	-3-	3
14	272	-3-	2
14	275	-3-	2
14	276	-3-	3
14	279	-3-	2
14	282	-3-	3
14	284	-3-	3
14	286	-3-	1
14	287	-3-	3
14	288	-3-	2
14	289	-3-	1
14	291	-3-	3
14	292	-3-	1
14	301	-3-	3
14	302	-3-	4
14	303	-3-	4
14	305	-3-	2
14	306	-3-	3
14	308	-3-	3
14	309	-3-	4
14	312	-3-	3
14	313	-3-	2
14	314	-3-	4
14	318	-3-	1
14	321	-3-	3
14	323	-3-	4
14	337	-3-	3
14	338	-3-	3
14	340	-3-	3
14	341	-3-	3
14	344	-3-	4
14	346	-3-	4
14	347	-3-	4
14	348	-3-	4
14	349	-3-	4
14	350	-3-	4
14	355	-3-	1
14	356	-3-	1
14	357	-3-	1
14	372	-3-	4
14	374	-3-	3
14	376	-3-	3
14	379	-3-	4
14	384	-3-	2
14	389	-3-	1
14	391	-3-	3
14	401	-3-	3
14	402	-3-	1
14	405	-3-	4
14	410	-3-	3
14	411	-3-	3
14	417	-3-	3
14	423	-3-	2
14	425	-3-	3
14	426	-3-	2
14	433	-3-	3
14	434	-3-	3
14	435	-3-	3
14	440	-3-	1
14	446	-3-	4
14	450	-3-	2
14	451	-3-	3
14	453	-3-	3
14	456	-3-	1
14	461	-3-	2
14	462	-3-	2
14	465	-3-	3
14	467	-3-	3
14	468	-3-	3
14	469	-3-	3
14	470	-3-	1
14	471	-3-	2
14	473	-3-	3
14	475	-3-	2
14	476	-3-	2
14	478	-3-	2
14	479	-3-	3
14	481	-3-	1
14	486	-3-	1
14	487	-3-	1
14	493	-3-	3
14	496	-3-	3
14	497	-3-	4
14	498	-3-	3
14	499	-3-	4
14	500	-3-	4
14	501	-3-	4
14	508	-3-	3
14	509	-3-	4
14	510	-3-	4
14	511	-3-	4
14	512	-3-	4
14	513	-3-	3
14	514	-3-	3
14	515	-3-	1
14	516	-3-	2
14	517	-3-	2
14	518	-3-	2
14	519	-3-	3
14	521	-3-	1
14	545	-3-	3
14	559	-3-	3
14	570	-3-	3
14	572	-3-	3
14	573	-3-	4
14	574	-3-	3
14	575	-3-	2
14	578	-3-	3
14	579	-3-	1
14	580	-3-	3
14	581	-3-	2
14	583	-3-	1
14	585	-3-	2
14	586	-3-	3
14	587	-3-	3
14	589	-3-	2
14	598	-3-	4
14	599	-3-	4
14	600	-3-	2
14	601	-3-	5
14	602	-3-	2
14	603	-3-	4
14	607	-3-	3
14	608	-3-	1
14	609	-3-	3
14	616	-3-	2
14	617	-3-	2
14	632	-3-	3
14	655	-3-	2
14	666	-3-	3
14	679	-3-	3
14	686	-3-	2
14	687	-3-	3
14	688	-3-	3
14	689	-3-	1
14	691	-3-	3
14	692	-3-	2
14	693	-3-	4
14	694	-3-	3
14	695	-3-	3
14	696	-3-	2
14	704	-3-	3
14	705	-3-	2
14	738	-3-	1
14	740	-3-	3
14	758	-3-	4
14	775	-3-	1
14	786	-3-	1
15	1	-3-	3
15	2	-3-	3
15	3	-3-	2
15	4	-3-	1
15	5	-3-	4
15	6	-3-	3
15	8	-3-	3
15	9	-3-	4
15	10	-3-	3
15	13	-3-	4
15	15	-3-	2
15	16	-3-	4
15	19	-3-	2
15	23	-3-	3
15	24	-3-	3
15	26	-3-	2
15	30	-3-	2
15	32	-3-	4
15	34	-3-	2
15	36	-3-	4
15	40	-3-	3
15	41	-3-	5
15	42	-3-	2
15	43	-3-	4
15	44	-3-	3
15	53	-3-	2
15	54	-3-	3
15	56	-3-	3
15	64	-3-	3
15	65	-3-	3
15	69	-3-	4
15	70	-3-	3
15	71	-3-	4
15	72	-3-	3
15	74	-3-	2
15	75	-3-	3
15	77	-3-	4
15	79	-3-	4
15	81	-3-	3
15	82	-3-	4
15	84	-3-	4
15	85	-3-	3
15	86	-3-	4
15	89	-3-	3
15	91	-3-	2
15	94	-3-	4
15	97	-3-	2
15	99	-3-	3
15	100	-3-	3
15	101	-3-	3
15	102	-3-	5
15	106	-3-	3
15	107	-3-	4
15	108	-3-	3
15	109	-3-	4
15	110	-3-	5
15	111	-3-	3
15	115	-3-	5
15	116	-3-	3
15	120	-3-	3
15	121	-3-	3
15	124	-3-	3
15	125	-3-	5
15	126	-3-	2
15	129	-3-	3
15	130	-3-	4
15	135	-3-	3
15	137	-3-	4
15	140	-3-	4
15	143	-3-	4
15	144	-3-	4
15	151	-3-	2
15	170	-3-	2
15	171	-3-	4
15	172	-3-	5
15	174	-3-	4
15	175	-3-	4
15	176	-3-	4
15	177	-3-	4
15	178	-3-	4
15	179	-3-	3
15	181	-3-	3
15	185	-3-	5
15	186	-3-	4
15	188	-3-	3
15	189	-3-	4
15	190	-3-	4
15	191	-3-	3
15	193	-3-	4
15	195	-3-	3
15	197	-3-	5
15	205	-3-	3
15	207	-3-	4
15	209	-3-	4
15	210	-3-	3
15	211	-3-	3
15	212	-3-	2
15	215	-3-	2
15	216	-3-	4
15	217	-3-	3
15	218	-3-	4
15	219	-3-	4
15	220	-3-	4
15	221	-3-	4
15	222	-3-	3
15	223	-3-	3
15	225	-3-	3
15	226	-3-	3
15	228	-3-	4
15	229	-3-	2
15	231	-3-	2
15	233	-3-	4
15	235	-3-	3
15	241	-3-	3
15	247	-3-	4
15	248	-3-	3
15	250	-3-	5
15	251	-3-	5
15	252	-3-	3
15	253	-3-	2
15	260	-3-	3
15	261	-3-	4
15	268	-3-	3
15	269	-3-	3
15	275	-3-	4
15	276	-3-	3
15	279	-3-	4
15	280	-3-	3
15	281	-3-	2
15	282	-3-	4
15	283	-3-	3
15	284	-3-	3
15	286	-3-	3
15	287	-3-	3
15	288	-3-	3
15	291	-3-	4
15	292	-3-	3
15	296	-3-	4
15	302	-3-	3
15	304	-3-	3
15	305	-3-	1
15	306	-3-	2
15	307	-3-	3
15	309	-3-	4
15	310	-3-	2
15	313	-3-	2
15	321	-3-	3
15	324	-3-	3
15	325	-3-	4
15	327	-3-	5
15	328	-3-	5
15	335	-3-	2
15	337	-3-	3
15	338	-3-	3
15	339	-3-	2
15	340	-3-	4
15	347	-3-	3
15	348	-3-	3
15	349	-3-	4
15	350	-3-	3
15	351	-3-	4
15	352	-3-	3
15	353	-3-	3
15	373	-3-	3
15	379	-3-	3
15	382	-3-	3
15	384	-3-	2
15	402	-3-	3
15	403	-3-	3
15	405	-3-	4
15	406	-3-	5
15	407	-3-	3
15	410	-3-	3
15	411	-3-	4
15	412	-3-	5
15	413	-3-	3
15	414	-3-	4
15	417	-3-	4
15	418	-3-	3
15	419	-3-	3
15	420	-3-	5
15	423	-3-	3
15	425	-3-	3
15	426	-3-	4
15	429	-3-	4
15	434	-3-	2
15	435	-3-	3
15	436	-3-	2
15	438	-3-	5
15	446	-3-	2
15	448	-3-	2
15	449	-3-	2
15	450	-3-	4
15	457	-3-	2
15	462	-3-	3
15	464	-3-	3
15	470	-3-	2
15	471	-3-	3
15	473	-3-	3
15	475	-3-	3
15	478	-3-	4
15	479	-3-	3
15	486	-3-	2
15	488	-3-	2
15	499	-3-	3
15	509	-3-	3
15	513	-3-	4
15	519	-3-	5
15	520	-3-	5
15	521	-3-	5
15	522	-3-	4
15	523	-3-	4
15	524	-3-	5
15	525	-3-	4
15	526	-3-	4
15	527	-3-	4
15	528	-3-	4
15	529	-3-	4
15	530	-3-	4
15	531	-3-	4
15	532	-3-	3
15	533	-3-	3
15	534	-3-	3
15	535	-3-	3
15	536	-3-	3
15	537	-3-	3
15	538	-3-	3
15	539	-3-	4
15	540	-3-	4
15	541	-3-	3
15	542	-3-	3
15	543	-3-	3
15	544	-3-	3
15	545	-3-	3
15	546	-3-	2
15	547	-3-	2
15	548	-3-	2
15	549	-3-	2
15	550	-3-	2
15	551	-3-	2
15	552	-3-	2
15	553	-3-	2
15	554	-3-	2
15	555	-3-	2
15	556	-3-	2
15	557	-3-	2
15	558	-3-	2
15	559	-3-	2
15	560	-3-	2
15	561	-3-	1
15	562	-3-	2
15	563	-3-	2
15	564	-3-	2
15	565	-3-	1
15	566	-3-	1
15	567	-3-	1
15	568	-3-	1
15	575	-3-	2
15	583	-3-	2
15	598	-3-	4
15	600	-3-	3
15	601	-3-	3
15	604	-3-	3
15	605	-3-	4
15	614	-3-	3
15	615	-3-	3
15	616	-3-	2
15	621	-3-	3
15	627	-3-	3
15	632	-3-	4
15	648	-3-	4
15	651	-3-	4
15	652	-3-	5
15	653	-3-	4
15	664	-3-	3
15	666	-3-	3
15	670	-3-	4
15	675	-3-	2
15	677	-3-	3
15	679	-3-	2
15	680	-3-	3
15	681	-3-	2
15	686	-3-	3
15	688	-3-	4
15	689	-3-	3
15	690	-3-	3
15	691	-3-	3
15	692	-3-	4
15	696	-3-	2
15	712	-3-	4
15	716	-3-	2
15	717	-3-	2
15	718	-3-	5
15	719	-3-	4
15	721	-3-	2
15	733	-3-	4
15	740	-3-	2
15	743	-3-	4
15	764	-3-	3
15	770	-3-	3
15	774	-3-	4
15	780	-3-	3
15	781	-3-	3
15	786	-3-	2
15	789	-3-	3
16	1	-3-	5
16	2	-3-	5
16	3	-3-	3
16	7	-3-	1
16	9	-3-	1
16	10	-3-	5
16	11	-3-	5
16	18	-3-	4
16	21	-3-	1
16	23	-3-	2
16	30	-3-	3
16	32	-3-	2
16	36	-3-	3
16	40	-3-	2
16	44	-3-	3
16	49	-3-	3
16	53	-3-	1
16	54	-3-	1
16	65	-3-	3
16	66	-3-	5
16	67	-3-	2
16	69	-3-	4
16	70	-3-	5
16	73	-3-	5
16	75	-3-	3
16	77	-3-	1
16	79	-3-	3
16	80	-3-	3
16	83	-3-	1
16	84	-3-	3
16	85	-3-	4
16	88	-3-	4
16	90	-3-	2
16	91	-3-	2
16	94	-3-	5
16	95	-3-	3
16	96	-3-	3
16	99	-3-	4
16	100	-3-	1
16	102	-3-	5
16	103	-3-	2
16	106	-3-	3
16	108	-3-	3
16	109	-3-	5
16	112	-3-	4
16	117	-3-	2
16	119	-3-	4
16	120	-3-	5
16	121	-3-	4
16	122	-3-	2
16	124	-3-	1
16	125	-3-	4
16	126	-3-	3
16	129	-3-	3
16	130	-3-	3
16	133	-3-	3
16	134	-3-	2
16	135	-3-	3
16	136	-3-	4
16	137	-3-	2
16	138	-3-	3
16	139	-3-	2
16	140	-3-	3
16	142	-3-	5
16	143	-3-	5
16	144	-3-	2
16	145	-3-	1
16	146	-3-	3
16	147	-3-	3
16	148	-3-	5
16	149	-3-	5
16	150	-3-	2
16	151	-3-	4
16	152	-3-	3
16	158	-3-	4
16	160	-3-	3
16	164	-3-	2
16	170	-3-	3
16	171	-3-	3
16	172	-3-	3
16	174	-3-	2
16	177	-3-	5
16	180	-3-	2
16	182	-3-	1
16	185	-3-	3
16	187	-3-	4
16	188	-3-	1
16	189	-3-	3
16	190	-3-	2
16	191	-3-	2
16	192	-3-	3
16	193	-3-	1
16	194	-3-	4
16	196	-3-	2
16	197	-3-	1
16	200	-3-	3
16	201	-3-	1
16	207	-3-	3
16	208	-3-	2
16	209	-3-	2
16	210	-3-	1
16	211	-3-	3
16	216	-3-	1
16	217	-3-	1
16	219	-3-	1
16	221	-3-	4
16	226	-3-	1
16	228	-3-	3
16	231	-3-	4
16	232	-3-	3
16	233	-3-	4
16	234	-3-	2
16	239	-3-	1
16	242	-3-	3
16	247	-3-	3
16	248	-3-	4
16	249	-3-	3
16	252	-3-	3
16	253	-3-	5
16	254	-3-	3
16	255	-3-	4
16	259	-3-	2
16	260	-3-	5
16	263	-3-	2
16	267	-3-	5
16	268	-3-	3
16	273	-3-	2
16	279	-3-	1
16	280	-3-	2
16	282	-3-	2
16	284	-3-	1
16	288	-3-	2
16	289	-3-	2
16	291	-3-	3
16	292	-3-	4
16	293	-3-	2
16	295	-3-	2
16	296	-3-	4
16	298	-3-	2
16	299	-3-	2
16	300	-3-	1
16	301	-3-	5
16	303	-3-	4
16	304	-3-	3
16	306	-3-	4
16	313	-3-	2
16	321	-3-	3
16	323	-3-	5
16	325	-3-	2
16	328	-3-	1
16	330	-3-	1
16	332	-3-	1
16	335	-3-	1
16	336	-3-	1
16	337	-3-	1
16	338	-3-	1
16	340	-3-	3
16	341	-3-	1
16	344	-3-	1
16	346	-3-	1
16	347	-3-	1
16	348	-3-	1
16	349	-3-	1
16	355	-3-	1
16	357	-3-	1
16	371	-3-	3
16	372	-3-	4
16	376	-3-	1
16	377	-3-	4
16	379	-3-	4
16	381	-3-	4
16	384	-3-	2
16	391	-3-	4
16	406	-3-	1
16	407	-3-	1
16	410	-3-	2
16	411	-3-	5
16	433	-3-	3
16	434	-3-	1
16	435	-3-	2
16	436	-3-	1
16	437	-3-	5
16	438	-3-	2
16	442	-3-	3
16	446	-3-	3
16	451	-3-	4
16	452	-3-	2
16	453	-3-	1
16	465	-3-	4
16	467	-3-	2
16	469	-3-	3
16	470	-3-	2
16	473	-3-	3
16	479	-3-	3
16	486	-3-	3
16	497	-3-	1
16	508	-3-	2
16	509	-3-	4
16	510	-3-	5
16	519	-3-	5
16	537	-3-	3
16	540	-3-	2
16	559	-3-	3
16	569	-3-	4
16	570	-3-	5
16	571	-3-	4
16	572	-3-	5
16	573	-3-	5
16	574	-3-	4
16	575	-3-	5
16	576	-3-	4
16	577	-3-	2
16	578	-3-	4
16	579	-3-	4
16	580	-3-	4
16	581	-3-	4
16	582	-3-	5
16	583	-3-	5
16	584	-3-	5
16	585	-3-	3
16	586	-3-	5
16	587	-3-	4
16	588	-3-	4
16	589	-3-	5
16	590	-3-	1
16	591	-3-	1
16	592	-3-	2
16	593	-3-	1
16	594	-3-	1
16	595	-3-	1
16	596	-3-	2
16	597	-3-	1
16	598	-3-	2
16	599	-3-	4
16	600	-3-	3
16	603	-3-	2
16	614	-3-	2
16	617	-3-	2
16	622	-3-	3
16	623	-3-	3
16	625	-3-	3
16	626	-3-	4
16	630	-3-	1
16	633	-3-	1
16	635	-3-	3
16	651	-3-	4
16	655	-3-	3
16	671	-3-	2
16	688	-3-	1
16	689	-3-	3
16	692	-3-	3
16	694	-3-	3
16	696	-3-	3
16	704	-3-	3
16	706	-3-	4
16	708	-3-	2
16	734	-3-	1
16	763	-3-	4
16	771	-3-	4
16	775	-3-	4
16	780	-3-	3
16	783	-3-	3
16	787	-3-	3
17	1	-3-	4
17	2	-3-	5
17	6	-3-	4
17	8	-3-	4
17	10	-3-	5
17	11	-3-	4
17	13	-3-	5
17	18	-3-	3
17	23	-3-	2
17	24	-3-	3
17	25	-3-	4
17	26	-3-	3
17	29	-3-	4
17	31	-3-	3
17	32	-3-	3
17	36	-3-	3
17	41	-3-	4
17	42	-3-	3
17	43	-3-	5
17	45	-3-	3
17	51	-3-	4
17	53	-3-	3
17	54	-3-	2
17	65	-3-	5
17	66	-3-	5
17	69	-3-	4
17	70	-3-	4
17	73	-3-	5
17	75	-3-	4
17	77	-3-	3
17	78	-3-	3
17	79	-3-	5
17	83	-3-	3
17	84	-3-	3
17	88	-3-	4
17	90	-3-	4
17	91	-3-	4
17	93	-3-	4
17	94	-3-	4
17	97	-3-	4
17	98	-3-	4
17	100	-3-	5
17	102	-3-	4
17	103	-3-	5
17	104	-3-	5
17	105	-3-	5
17	107	-3-	3
17	108	-3-	4
17	113	-3-	4
17	116	-3-	4
17	119	-3-	4
17	120	-3-	4
17	121	-3-	3
17	122	-3-	2
17	124	-3-	2
17	125	-3-	3
17	126	-3-	2
17	128	-3-	5
17	133	-3-	3
17	135	-3-	2
17	136	-3-	3
17	138	-3-	4
17	140	-3-	4
17	143	-3-	5
17	144	-3-	4
17	148	-3-	4
17	149	-3-	5
17	151	-3-	4
17	156	-3-	3
17	158	-3-	5
17	170	-3-	4
17	171	-3-	4
17	172	-3-	5
17	175	-3-	4
17	176	-3-	4
17	177	-3-	5
17	178	-3-	3
17	179	-3-	4
17	187	-3-	1
17	190	-3-	3
17	192	-3-	4
17	193	-3-	3
17	195	-3-	3
17	199	-3-	2
17	207	-3-	4
17	209	-3-	4
17	210	-3-	5
17	215	-3-	2
17	216	-3-	4
17	218	-3-	2
17	219	-3-	5
17	220	-3-	3
17	222	-3-	2
17	223	-3-	1
17	224	-3-	3
17	225	-3-	4
17	226	-3-	4
17	233	-3-	2
17	235	-3-	4
17	237	-3-	4
17	246	-3-	3
17	248	-3-	3
17	249	-3-	2
17	250	-3-	4
17	252	-3-	3
17	253	-3-	4
17	255	-3-	4
17	260	-3-	5
17	263	-3-	4
17	264	-3-	4
17	267	-3-	4
17	268	-3-	4
17	274	-3-	2
17	280	-3-	4
17	282	-3-	4
17	284	-3-	2
17	286	-3-	4
17	288	-3-	4
17	289	-3-	2
17	290	-3-	3
17	292	-3-	4
17	296	-3-	5
17	297	-3-	2
17	298	-3-	4
17	299	-3-	4
17	301	-3-	5
17	305	-3-	3
17	306	-3-	5
17	307	-3-	3
17	309	-3-	5
17	312	-3-	2
17	313	-3-	3
17	318	-3-	3
17	320	-3-	1
17	331	-3-	3
17	337	-3-	4
17	338	-3-	4
17	340	-3-	5
17	341	-3-	4
17	342	-3-	2
17	347	-3-	3
17	348	-3-	3
17	349	-3-	3
17	350	-3-	3
17	351	-3-	3
17	354	-3-	2
17	371	-3-	5
17	372	-3-	3
17	373	-3-	4
17	374	-3-	3
17	379	-3-	4
17	380	-3-	3
17	391	-3-	2
17	401	-3-	3
17	405	-3-	3
17	406	-3-	2
17	407	-3-	2
17	408	-3-	2
17	409	-3-	2
17	410	-3-	3
17	419	-3-	3
17	420	-3-	3
17	421	-3-	2
17	422	-3-	1
17	426	-3-	2
17	433	-3-	3
17	435	-3-	3
17	439	-3-	2
17	440	-3-	4
17	441	-3-	3
17	443	-3-	3
17	446	-3-	3
17	448	-3-	3
17	450	-3-	4
17	452	-3-	4
17	453	-3-	2
17	455	-3-	2
17	461	-3-	4
17	462	-3-	4
17	463	-3-	3
17	464	-3-	4
17	465	-3-	4
17	466	-3-	4
17	467	-3-	3
17	469	-3-	4
17	471	-3-	3
17	472	-3-	2
17	473	-3-	4
17	474	-3-	5
17	476	-3-	3
17	478	-3-	3
17	479	-3-	3
17	480	-3-	3
17	481	-3-	4
17	482	-3-	4
17	483	-3-	4
17	484	-3-	3
17	485	-3-	3
17	486	-3-	2
17	487	-3-	4
17	497	-3-	4
17	499	-3-	4
17	510	-3-	2
17	513	-3-	5
17	514	-3-	4
17	520	-3-	3
17	522	-3-	3
17	525	-3-	4
17	530	-3-	3
17	532	-3-	3
17	533	-3-	4
17	537	-3-	3
17	540	-3-	4
17	542	-3-	4
17	559	-3-	2
17	574	-3-	3
17	575	-3-	4
17	582	-3-	3
17	583	-3-	3
17	586	-3-	3
17	598	-3-	3
17	599	-3-	5
17	600	-3-	5
17	601	-3-	4
17	602	-3-	4
17	603	-3-	5
17	604	-3-	3
17	605	-3-	3
17	606	-3-	4
17	607	-3-	3
17	608	-3-	3
17	609	-3-	4
17	610	-3-	2
17	611	-3-	2
17	612	-3-	1
17	613	-3-	2
17	616	-3-	3
17	624	-3-	3
17	632	-3-	3
17	647	-3-	1
17	655	-3-	3
17	664	-3-	3
17	670	-3-	3
17	674	-3-	4
17	680	-3-	4
17	681	-3-	3
17	686	-3-	4
17	688	-3-	2
17	690	-3-	4
17	691	-3-	5
17	693	-3-	4
17	694	-3-	4
17	695	-3-	2
17	696	-3-	4
17	704	-3-	5
17	706	-3-	3
17	712	-3-	4
17	714	-3-	3
17	719	-3-	4
17	734	-3-	4
17	743	-3-	3
17	747	-3-	4
17	775	-3-	3
17	786	-3-	5
18	1	-3-	5
18	2	-3-	4
18	6	-3-	4
18	8	-3-	4
18	9	-3-	5
18	10	-3-	5
18	11	-3-	4
18	12	-3-	3
18	14	-3-	3
18	15	-3-	5
18	19	-3-	5
18	20	-3-	4
18	21	-3-	4
18	23	-3-	4
18	32	-3-	5
18	36	-3-	1
18	39	-3-	3
18	41	-3-	2
18	49	-3-	4
18	51	-3-	4
18	53	-3-	4
18	54	-3-	3
18	59	-3-	2
18	65	-3-	4
18	68	-3-	3
18	69	-3-	5
18	72	-3-	3
18	73	-3-	4
18	74	-3-	4
18	76	-3-	5
18	79	-3-	2
18	80	-3-	4
18	81	-3-	4
18	83	-3-	3
18	84	-3-	5
18	85	-3-	5
18	87	-3-	4
18	90	-3-	5
18	91	-3-	5
18	94	-3-	3
18	100	-3-	5
18	101	-3-	4
18	106	-3-	4
18	107	-3-	2
18	108	-3-	4
18	111	-3-	3
18	112	-3-	2
18	120	-3-	5
18	123	-3-	2
18	124	-3-	4
18	125	-3-	4
18	128	-3-	5
18	132	-3-	4
18	137	-3-	4
18	140	-3-	3
18	143	-3-	4
18	146	-3-	3
18	147	-3-	5
18	159	-3-	4
18	170	-3-	4
18	171	-3-	3
18	172	-3-	2
18	175	-3-	1
18	179	-3-	3
18	183	-3-	5
18	184	-3-	4
18	185	-3-	3
18	187	-3-	4
18	190	-3-	3
18	191	-3-	4
18	192	-3-	5
18	197	-3-	4
18	207	-3-	4
18	209	-3-	5
18	210	-3-	4
18	211	-3-	3
18	212	-3-	4
18	214	-3-	4
18	217	-3-	5
18	218	-3-	3
18	219	-3-	5
18	226	-3-	3
18	227	-3-	2
18	232	-3-	3
18	234	-3-	4
18	239	-3-	4
18	242	-3-	4
18	250	-3-	3
18	253	-3-	3
18	255	-3-	5
18	258	-3-	3
18	260	-3-	4
18	263	-3-	1
18	268	-3-	3
18	269	-3-	4
18	283	-3-	4
18	284	-3-	4
18	290	-3-	4
18	293	-3-	4
18	294	-3-	4
18	295	-3-	2
18	296	-3-	4
18	298	-3-	4
18	302	-3-	5
18	304	-3-	5
18	306	-3-	4
18	309	-3-	4
18	311	-3-	4
18	312	-3-	4
18	319	-3-	5
18	332	-3-	3
18	335	-3-	5
18	340	-3-	3
18	342	-3-	1
18	350	-3-	4
18	355	-3-	3
18	356	-3-	2
18	357	-3-	3
18	363	-3-	1
18	366	-3-	1
18	375	-3-	4
18	377	-3-	3
18	378	-3-	3
18	381	-3-	5
18	382	-3-	3
18	383	-3-	4
18	384	-3-	5
18	389	-3-	4
18	390	-3-	5
18	399	-3-	4
18	405	-3-	4
18	406	-3-	3
18	407	-3-	3
18	408	-3-	5
18	409	-3-	3
18	410	-3-	5
18	415	-3-	4
18	423	-3-	4
18	425	-3-	5
18	433	-3-	3
18	435	-3-	4
18	437	-3-	5
18	438	-3-	4
18	449	-3-	2
18	450	-3-	5
18	454	-3-	5
18	456	-3-	1
18	465	-3-	4
18	486	-3-	3
18	491	-3-	3
18	492	-3-	4
18	493	-3-	4
18	495	-3-	4
18	496	-3-	4
18	497	-3-	5
18	498	-3-	3
18	499	-3-	4
18	500	-3-	5
18	501	-3-	4
18	509	-3-	4
18	527	-3-	4
18	537	-3-	3
18	538	-3-	4
18	539	-3-	3
18	541	-3-	4
18	543	-3-	3
18	559	-3-	5
18	579	-3-	5
18	584	-3-	4
18	588	-3-	3
18	599	-3-	5
18	604	-3-	2
18	614	-3-	4
18	615	-3-	4
18	616	-3-	5
18	617	-3-	5
18	618	-3-	4
18	619	-3-	4
18	620	-3-	3
18	621	-3-	3
18	622	-3-	5
18	623	-3-	4
18	624	-3-	3
18	625	-3-	4
18	626	-3-	4
18	627	-3-	3
18	628	-3-	4
18	629	-3-	4
18	630	-3-	3
18	631	-3-	5
18	632	-3-	4
18	633	-3-	4
18	634	-3-	5
18	635	-3-	5
18	636	-3-	2
18	637	-3-	2
18	638	-3-	2
18	639	-3-	1
18	640	-3-	1
18	641	-3-	1
18	642	-3-	1
18	643	-3-	1
18	644	-3-	2
18	645	-3-	1
18	650	-3-	3
18	678	-3-	4
18	679	-3-	4
18	709	-3-	4
18	721	-3-	3
18	735	-3-	3
18	736	-3-	4
18	737	-3-	3
18	738	-3-	4
18	739	-3-	4
18	744	-3-	3
18	757	-3-	4
18	762	-3-	3
18	763	-3-	4
18	765	-3-	2
18	767	-3-	3
18	769	-3-	4
18	771	-3-	5
18	783	-3-	4
19	1	-3-	5
19	2	-3-	5
19	3	-3-	4
19	5	-3-	3
19	6	-3-	4
19	9	-3-	5
19	10	-3-	3
19	11	-3-	3
19	13	-3-	4
19	15	-3-	5
19	16	-3-	5
19	18	-3-	5
19	19	-3-	5
19	20	-3-	5
19	21	-3-	5
19	23	-3-	3
19	26	-3-	1
19	29	-3-	5
19	31	-3-	2
19	32	-3-	3
19	39	-3-	5
19	40	-3-	5
19	41	-3-	5
19	43	-3-	5
19	44	-3-	4
19	46	-3-	5
19	50	-3-	5
19	51	-3-	5
19	52	-3-	5
19	54	-3-	4
19	64	-3-	5
19	65	-3-	3
19	66	-3-	4
19	67	-3-	3
19	69	-3-	5
19	70	-3-	3
19	71	-3-	3
19	72	-3-	3
19	73	-3-	5
19	74	-3-	3
19	77	-3-	5
19	79	-3-	5
19	80	-3-	5
19	81	-3-	5
19	83	-3-	4
19	90	-3-	5
19	91	-3-	5
19	94	-3-	3
19	95	-3-	5
19	97	-3-	5
19	100	-3-	5
19	101	-3-	5
19	103	-3-	3
19	107	-3-	5
19	108	-3-	2
19	109	-3-	3
19	110	-3-	4
19	111	-3-	2
19	112	-3-	3
19	119	-3-	3
19	120	-3-	5
19	122	-3-	4
19	124	-3-	3
19	125	-3-	3
19	129	-3-	4
19	130	-3-	4
19	131	-3-	3
19	135	-3-	4
19	136	-3-	5
19	138	-3-	2
19	140	-3-	3
19	143	-3-	4
19	150	-3-	3
19	164	-3-	3
19	170	-3-	4
19	171	-3-	5
19	172	-3-	5
19	174	-3-	4
19	175	-3-	3
19	176	-3-	4
19	177	-3-	5
19	179	-3-	5
19	180	-3-	3
19	181	-3-	5
19	183	-3-	5
19	184	-3-	3
19	185	-3-	3
19	186	-3-	4
19	187	-3-	3
19	188	-3-	5
19	190	-3-	3
19	193	-3-	5
19	197	-3-	3
19	204	-3-	1
19	207	-3-	3
19	208	-3-	5
19	209	-3-	4
19	210	-3-	5
19	211	-3-	5
19	212	-3-	5
19	213	-3-	5
19	215	-3-	3
19	216	-3-	5
19	217	-3-	5
19	218	-3-	3
19	219	-3-	4
19	220	-3-	3
19	221	-3-	5
19	222	-3-	4
19	223	-3-	5
19	226	-3-	3
19	228	-3-	5
19	230	-3-	5
19	231	-3-	4
19	233	-3-	3
19	234	-3-	3
19	237	-3-	2
19	238	-3-	5
19	239	-3-	4
19	241	-3-	3
19	246	-3-	3
19	247	-3-	3
19	248	-3-	3
19	250	-3-	3
19	251	-3-	3
19	252	-3-	3
19	253	-3-	3
19	255	-3-	4
19	258	-3-	3
19	261	-3-	5
19	266	-3-	5
19	267	-3-	4
19	268	-3-	3
19	269	-3-	2
19	272	-3-	3
19	273	-3-	3
19	275	-3-	3
19	276	-3-	2
19	279	-3-	3
19	280	-3-	3
19	282	-3-	4
19	283	-3-	5
19	284	-3-	5
19	287	-3-	3
19	288	-3-	3
19	289	-3-	4
19	291	-3-	4
19	296	-3-	3
19	298	-3-	4
19	299	-3-	3
19	300	-3-	3
19	307	-3-	4
19	308	-3-	5
19	309	-3-	4
19	314	-3-	5
19	322	-3-	4
19	324	-3-	2
19	325	-3-	3
19	327	-3-	3
19	328	-3-	5
19	329	-3-	5
19	330	-3-	4
19	334	-3-	3
19	338	-3-	3
19	339	-3-	5
19	340	-3-	5
19	341	-3-	5
19	343	-3-	5
19	344	-3-	5
19	345	-3-	5
19	346	-3-	5
19	347	-3-	5
19	348	-3-	5
19	349	-3-	5
19	350	-3-	5
19	352	-3-	5
19	353	-3-	5
19	354	-3-	5
19	355	-3-	5
19	372	-3-	5
19	375	-3-	4
19	379	-3-	3
19	388	-3-	5
19	391	-3-	4
19	402	-3-	4
19	404	-3-	5
19	408	-3-	5
19	410	-3-	5
19	412	-3-	5
19	413	-3-	5
19	416	-3-	5
19	419	-3-	5
19	421	-3-	5
19	429	-3-	5
19	433	-3-	3
19	434	-3-	3
19	435	-3-	4
19	437	-3-	3
19	438	-3-	4
19	439	-3-	3
19	445	-3-	5
19	446	-3-	3
19	447	-3-	5
19	448	-3-	3
19	449	-3-	4
19	450	-3-	4
19	451	-3-	5
19	452	-3-	3
19	453	-3-	3
19	455	-3-	4
19	456	-3-	3
19	463	-3-	3
19	464	-3-	3
19	470	-3-	3
19	485	-3-	4
19	488	-3-	2
19	491	-3-	5
19	492	-3-	5
19	493	-3-	5
19	494	-3-	5
19	496	-3-	5
19	497	-3-	5
19	498	-3-	5
19	499	-3-	4
19	508	-3-	3
19	509	-3-	3
19	510	-3-	3
19	511	-3-	3
19	512	-3-	3
19	513	-3-	4
19	514	-3-	3
19	519	-3-	5
19	520	-3-	4
19	522	-3-	3
19	527	-3-	5
19	529	-3-	3
19	536	-3-	5
19	540	-3-	2
19	574	-3-	3
19	598	-3-	4
19	603	-3-	3
19	609	-3-	4
19	614	-3-	5
19	615	-3-	5
19	617	-3-	3
19	627	-3-	4
19	646	-3-	5
19	647	-3-	3
19	648	-3-	5
19	649	-3-	3
19	650	-3-	2
19	651	-3-	4
19	652	-3-	4
19	653	-3-	4
19	654	-3-	4
19	655	-3-	3
19	656	-3-	2
19	657	-3-	1
19	658	-3-	1
19	659	-3-	1
19	660	-3-	1
19	661	-3-	1
19	662	-3-	1
19	663	-3-	1
19	664	-3-	3
19	665	-3-	1
19	666	-3-	4
19	667	-3-	4
19	668	-3-	2
19	669	-3-	4
19	672	-3-	4
19	678	-3-	4
19	679	-3-	5
19	680	-3-	3
19	681	-3-	5
19	686	-3-	3
19	707	-3-	4
19	710	-3-	5
19	714	-3-	3
19	716	-3-	5
19	717	-3-	4
19	718	-3-	3
19	719	-3-	5
19	720	-3-	4
19	734	-3-	3
19	739	-3-	5
19	742	-3-	4
19	743	-3-	4
19	747	-3-	5
19	754	-3-	5
19	756	-3-	5
19	757	-3-	3
19	759	-3-	5
19	760	-3-	5
19	761	-3-	5
19	763	-3-	3
19	768	-3-	5
19	769	-3-	5
19	771	-3-	4
19	773	-3-	3
19	774	-3-	5
19	780	-3-	5
20	1	-3-	4
20	2	-3-	4
20	5	-3-	3
20	6	-3-	3
20	7	-3-	4
20	8	-3-	2
20	9	-3-	4
20	10	-3-	5
20	13	-3-	2
20	15	-3-	3
20	16	-3-	3
20	18	-3-	2
20	19	-3-	2
20	21	-3-	3
20	22	-3-	2
20	23	-3-	5
20	25	-3-	4
20	26	-3-	4
20	28	-3-	2
20	31	-3-	3
20	33	-3-	2
20	34	-3-	3
20	35	-3-	2
20	36	-3-	5
20	37	-3-	2
20	38	-3-	2
20	39	-3-	3
20	40	-3-	2
20	41	-3-	2
20	47	-3-	3
20	49	-3-	2
20	51	-3-	1
20	53	-3-	1
20	54	-3-	2
20	64	-3-	2
20	69	-3-	5
20	70	-3-	5
20	71	-3-	3
20	72	-3-	2
20	73	-3-	5
20	74	-3-	3
20	76	-3-	2
20	79	-3-	2
20	80	-3-	2
20	81	-3-	3
20	83	-3-	2
20	84	-3-	4
20	90	-3-	3
20	91	-3-	3
20	92	-3-	4
20	94	-3-	2
20	97	-3-	3
20	99	-3-	5
20	100	-3-	4
20	107	-3-	4
20	108	-3-	5
20	112	-3-	3
20	115	-3-	3
20	120	-3-	3
20	123	-3-	3
20	124	-3-	3
20	125	-3-	3
20	128	-3-	3
20	131	-3-	3
20	132	-3-	3
20	138	-3-	3
20	140	-3-	3
20	142	-3-	2
20	143	-3-	3
20	148	-3-	3
20	153	-3-	4
20	154	-3-	3
20	170	-3-	3
20	171	-3-	3
20	172	-3-	3
20	174	-3-	2
20	175	-3-	3
20	176	-3-	2
20	177	-3-	4
20	178	-3-	4
20	179	-3-	3
20	181	-3-	1
20	182	-3-	5
20	184	-3-	3
20	185	-3-	3
20	186	-3-	4
20	187	-3-	2
20	190	-3-	3
20	196	-3-	3
20	197	-3-	2
20	200	-3-	3
20	203	-3-	3
20	207	-3-	3
20	208	-3-	4
20	209	-3-	2
20	210	-3-	5
20	211	-3-	3
20	212	-3-	3
20	215	-3-	4
20	216	-3-	3
20	217	-3-	2
20	219	-3-	1
20	221	-3-	2
20	225	-3-	2
20	226	-3-	4
20	228	-3-	3
20	229	-3-	2
20	230	-3-	3
20	231	-3-	2
20	238	-3-	3
20	239	-3-	2
20	246	-3-	3
20	250	-3-	3
20	253	-3-	3
20	255	-3-	3
20	259	-3-	3
20	260	-3-	4
20	261	-3-	4
20	268	-3-	3
20	269	-3-	4
20	270	-3-	4
20	283	-3-	4
20	284	-3-	3
20	296	-3-	2
20	299	-3-	3
20	302	-3-	2
20	307	-3-	3
20	309	-3-	3
20	319	-3-	4
20	320	-3-	1
20	323	-3-	2
20	324	-3-	2
20	325	-3-	3
20	326	-3-	2
20	333	-3-	4
20	335	-3-	4
20	339	-3-	2
20	340	-3-	3
20	341	-3-	2
20	343	-3-	2
20	349	-3-	3
20	350	-3-	4
20	352	-3-	1
20	373	-3-	4
20	391	-3-	3
20	404	-3-	4
20	406	-3-	5
20	408	-3-	4
20	409	-3-	2
20	410	-3-	1
20	411	-3-	3
20	412	-3-	2
20	414	-3-	4
20	416	-3-	3
20	417	-3-	3
20	425	-3-	4
20	428	-3-	5
20	433	-3-	2
20	435	-3-	4
20	442	-3-	3
20	445	-3-	2
20	447	-3-	3
20	451	-3-	3
20	463	-3-	4
20	464	-3-	2
20	470	-3-	3
20	483	-3-	3
20	485	-3-	2
20	487	-3-	2
20	491	-3-	3
20	496	-3-	1
20	498	-3-	3
20	501	-3-	3
20	519	-3-	4
20	520	-3-	4
20	526	-3-	3
20	527	-3-	3
20	529	-3-	3
20	536	-3-	1
20	540	-3-	4
20	543	-3-	4
20	559	-3-	3
20	598	-3-	4
20	607	-3-	1
20	614	-3-	2
20	615	-3-	3
20	617	-3-	4
20	648	-3-	3
20	649	-3-	2
20	650	-3-	4
20	651	-3-	3
20	653	-3-	2
20	654	-3-	2
20	664	-3-	3
20	666	-3-	3
20	669	-3-	3
20	670	-3-	5
20	671	-3-	4
20	672	-3-	3
20	673	-3-	5
20	674	-3-	5
20	675	-3-	3
20	676	-3-	4
20	677	-3-	4
20	678	-3-	4
20	679	-3-	4
20	680	-3-	4
20	681	-3-	3
20	682	-3-	1
20	683	-3-	2
20	684	-3-	2
20	685	-3-	1
20	686	-3-	2
20	688	-3-	4
20	692	-3-	3
20	712	-3-	3
20	714	-3-	4
20	716	-3-	2
20	739	-3-	3
20	740	-3-	3
20	741	-3-	3
20	745	-3-	2
20	747	-3-	1
20	748	-3-	2
20	788	-3-	4
21	1	-3-	3
21	3	-3-	4
21	4	-3-	2
21	5	-3-	3
21	7	-3-	3
21	8	-3-	4
21	10	-3-	4
21	11	-3-	3
21	13	-3-	3
21	14	-3-	2
21	15	-3-	4
21	16	-3-	4
21	18	-3-	4
21	19	-3-	2
21	24	-3-	4
21	32	-3-	4
21	34	-3-	3
21	36	-3-	4
21	41	-3-	4
21	42	-3-	2
21	43	-3-	4
21	46	-3-	3
21	50	-3-	3
21	51	-3-	4
21	53	-3-	2
21	54	-3-	4
21	64	-3-	3
21	65	-3-	4
21	66	-3-	5
21	69	-3-	4
21	70	-3-	5
21	71	-3-	4
21	72	-3-	4
21	75	-3-	3
21	77	-3-	4
21	79	-3-	4
21	80	-3-	4
21	82	-3-	4
21	83	-3-	4
21	84	-3-	4
21	85	-3-	4
21	86	-3-	2
21	88	-3-	4
21	89	-3-	2
21	90	-3-	4
21	91	-3-	4
21	92	-3-	3
21	97	-3-	4
21	99	-3-	4
21	101	-3-	4
21	102	-3-	4
21	103	-3-	4
21	106	-3-	4
21	108	-3-	4
21	109	-3-	3
21	110	-3-	5
21	111	-3-	4
21	112	-3-	3
21	115	-3-	4
21	117	-3-	5
21	119	-3-	4
21	120	-3-	4
21	121	-3-	5
21	124	-3-	5
21	125	-3-	4
21	126	-3-	4
21	128	-3-	4
21	129	-3-	3
21	130	-3-	4
21	134	-3-	4
21	135	-3-	4
21	136	-3-	4
21	137	-3-	4
21	139	-3-	4
21	140	-3-	4
21	142	-3-	4
21	143	-3-	3
21	145	-3-	4
21	148	-3-	5
21	149	-3-	5
21	150	-3-	4
21	151	-3-	4
21	152	-3-	4
21	155	-3-	4
21	158	-3-	4
21	164	-3-	3
21	170	-3-	4
21	171	-3-	5
21	172	-3-	4
21	173	-3-	3
21	174	-3-	4
21	175	-3-	4
21	176	-3-	4
21	177	-3-	4
21	178	-3-	4
21	179	-3-	3
21	180	-3-	5
21	183	-3-	4
21	184	-3-	4
21	185	-3-	5
21	186	-3-	3
21	187	-3-	2
21	188	-3-	4
21	189	-3-	4
21	190	-3-	4
21	191	-3-	4
21	192	-3-	3
21	193	-3-	3
21	197	-3-	3
21	198	-3-	4
21	199	-3-	3
21	208	-3-	4
21	209	-3-	2
21	210	-3-	4
21	211	-3-	4
21	214	-3-	4
21	216	-3-	5
21	217	-3-	4
21	219	-3-	4
21	220	-3-	4
21	221	-3-	5
21	222	-3-	4
21	224	-3-	3
21	226	-3-	3
21	230	-3-	3
21	233	-3-	4
21	234	-3-	2
21	239	-3-	4
21	247	-3-	3
21	250	-3-	4
21	252	-3-	4
21	253	-3-	4
21	254	-3-	3
21	255	-3-	4
21	260	-3-	4
21	264	-3-	5
21	266	-3-	4
21	267	-3-	4
21	269	-3-	3
21	273	-3-	4
21	279	-3-	4
21	282	-3-	4
21	284	-3-	3
21	286	-3-	4
21	288	-3-	3
21	290	-3-	3
21	291	-3-	3
21	292	-3-	4
21	296	-3-	5
21	298	-3-	3
21	301	-3-	4
21	305	-3-	4
21	306	-3-	3
21	307	-3-	4
21	309	-3-	3
21	311	-3-	4
21	313	-3-	4
21	314	-3-	5
21	321	-3-	4
21	323	-3-	4
21	329	-3-	3
21	330	-3-	4
21	334	-3-	3
21	335	-3-	3
21	336	-3-	4
21	337	-3-	3
21	338	-3-	3
21	340	-3-	3
21	344	-3-	5
21	345	-3-	4
21	346	-3-	5
21	347	-3-	5
21	348	-3-	5
21	350	-3-	5
21	351	-3-	4
21	353	-3-	3
21	354	-3-	3
21	371	-3-	4
21	372	-3-	4
21	376	-3-	4
21	379	-3-	4
21	382	-3-	3
21	386	-3-	3
21	391	-3-	4
21	401	-3-	3
21	403	-3-	4
21	404	-3-	4
21	405	-3-	4
21	406	-3-	4
21	407	-3-	4
21	408	-3-	4
21	410	-3-	3
21	411	-3-	4
21	415	-3-	3
21	417	-3-	4
21	420	-3-	4
21	421	-3-	4
21	425	-3-	3
21	433	-3-	3
21	434	-3-	4
21	435	-3-	4
21	436	-3-	3
21	439	-3-	3
21	440	-3-	2
21	441	-3-	3
21	442	-3-	4
21	444	-3-	5
21	446	-3-	4
21	448	-3-	3
21	451	-3-	4
21	455	-3-	4
21	462	-3-	3
21	463	-3-	4
21	465	-3-	4
21	466	-3-	4
21	467	-3-	4
21	469	-3-	4
21	470	-3-	3
21	471	-3-	3
21	475	-3-	4
21	478	-3-	5
21	479	-3-	3
21	481	-3-	4
21	486	-3-	4
21	487	-3-	3
21	494	-3-	3
21	495	-3-	4
21	497	-3-	3
21	498	-3-	2
21	499	-3-	3
21	501	-3-	2
21	508	-3-	3
21	509	-3-	4
21	510	-3-	4
21	512	-3-	4
21	513	-3-	3
21	519	-3-	4
21	522	-3-	4
21	525	-3-	4
21	528	-3-	3
21	530	-3-	4
21	533	-3-	2
21	535	-3-	2
21	536	-3-	3
21	559	-3-	3
21	569	-3-	4
21	572	-3-	4
21	575	-3-	3
21	581	-3-	3
21	582	-3-	3
21	598	-3-	4
21	599	-3-	4
21	601	-3-	3
21	606	-3-	3
21	608	-3-	2
21	609	-3-	4
21	614	-3-	4
21	615	-3-	4
21	616	-3-	4
21	617	-3-	3
21	632	-3-	3
21	648	-3-	4
21	649	-3-	4
21	650	-3-	3
21	651	-3-	3
21	653	-3-	3
21	666	-3-	3
21	670	-3-	3
21	671	-3-	4
21	678	-3-	4
21	680	-3-	3
21	686	-3-	4
21	687	-3-	3
21	688	-3-	4
21	689	-3-	4
21	690	-3-	4
21	691	-3-	3
21	692	-3-	3
21	693	-3-	4
21	694	-3-	4
21	695	-3-	3
21	696	-3-	3
21	697	-3-	1
21	698	-3-	2
21	699	-3-	2
21	700	-3-	2
21	701	-3-	1
21	702	-3-	1
21	703	-3-	3
21	708	-3-	4
21	711	-3-	4
21	717	-3-	2
21	718	-3-	3
21	720	-3-	3
21	754	-3-	2
21	759	-3-	3
21	760	-3-	3
21	761	-3-	3
21	766	-3-	4
21	775	-3-	3
21	785	-3-	4
21	786	-3-	3
22	1	-3-	2
22	8	-3-	4
22	9	-3-	5
22	10	-3-	1
22	11	-3-	4
22	12	-3-	4
22	18	-3-	3
22	21	-3-	1
22	23	-3-	1
22	26	-3-	5
22	32	-3-	2
22	33	-3-	1
22	35	-3-	3
22	36	-3-	1
22	41	-3-	4
22	42	-3-	4
22	43	-3-	5
22	45	-3-	1
22	46	-3-	5
22	49	-3-	1
22	50	-3-	5
22	51	-3-	2
22	53	-3-	3
22	54	-3-	3
22	64	-3-	4
22	66	-3-	4
22	67	-3-	1
22	69	-3-	5
22	70	-3-	5
22	71	-3-	4
22	72	-3-	1
22	73	-3-	5
22	79	-3-	5
22	80	-3-	3
22	82	-3-	3
22	85	-3-	4
22	86	-3-	4
22	87	-3-	1
22	88	-3-	4
22	90	-3-	4
22	94	-3-	4
22	95	-3-	4
22	97	-3-	5
22	99	-3-	4
22	100	-3-	5
22	102	-3-	5
22	103	-3-	2
22	106	-3-	2
22	108	-3-	2
22	109	-3-	1
22	110	-3-	5
22	111	-3-	5
22	112	-3-	2
22	115	-3-	1
22	119	-3-	5
22	123	-3-	1
22	124	-3-	1
22	125	-3-	3
22	131	-3-	2
22	135	-3-	2
22	137	-3-	4
22	140	-3-	2
22	143	-3-	2
22	148	-3-	5
22	149	-3-	5
22	170	-3-	4
22	171	-3-	5
22	172	-3-	4
22	173	-3-	5
22	174	-3-	2
22	175	-3-	3
22	179	-3-	4
22	180	-3-	5
22	181	-3-	1
22	185	-3-	5
22	187	-3-	4
22	188	-3-	3
22	190	-3-	5
22	192	-3-	4
22	193	-3-	4
22	197	-3-	5
22	203	-3-	1
22	207	-3-	1
22	209	-3-	3
22	210	-3-	1
22	216	-3-	4
22	217	-3-	3
22	218	-3-	2
22	219	-3-	4
22	220	-3-	4
22	221	-3-	3
22	222	-3-	4
22	223	-3-	5
22	225	-3-	2
22	226	-3-	3
22	227	-3-	4
22	228	-3-	1
22	229	-3-	1
22	230	-3-	5
22	233	-3-	1
22	234	-3-	4
22	237	-3-	5
22	239	-3-	3
22	246	-3-	2
22	247	-3-	3
22	248	-3-	4
22	249	-3-	5
22	250	-3-	3
22	252	-3-	3
22	253	-3-	3
22	255	-3-	4
22	258	-3-	4
22	259	-3-	1
22	261	-3-	3
22	266	-3-	5
22	267	-3-	5
22	268	-3-	3
22	270	-3-	1
22	273	-3-	5
22	275	-3-	3
22	276	-3-	5
22	279	-3-	5
22	280	-3-	2
22	282	-3-	3
22	284	-3-	1
22	286	-3-	5
22	287	-3-	4
22	289	-3-	2
22	291	-3-	5
22	298	-3-	5
22	302	-3-	3
22	308	-3-	4
22	309	-3-	1
22	311	-3-	1
22	314	-3-	2
22	320	-3-	2
22	321	-3-	4
22	322	-3-	4
22	324	-3-	1
22	325	-3-	3
22	326	-3-	1
22	328	-3-	3
22	333	-3-	2
22	334	-3-	1
22	335	-3-	2
22	336	-3-	1
22	338	-3-	2
22	339	-3-	3
22	340	-3-	5
22	343	-3-	3
22	344	-3-	3
22	346	-3-	5
22	347	-3-	5
22	348	-3-	3
22	349	-3-	3
22	350	-3-	5
22	352	-3-	2
22	354	-3-	1
22	355	-3-	4
22	356	-3-	4
22	357	-3-	4
22	375	-3-	5
22	376	-3-	2
22	378	-3-	4
22	381	-3-	3
22	383	-3-	1
22	386	-3-	5
22	387	-3-	3
22	388	-3-	4
22	403	-3-	1
22	404	-3-	1
22	405	-3-	1
22	406	-3-	1
22	407	-3-	2
22	408	-3-	1
22	409	-3-	1
22	410	-3-	4
22	411	-3-	3
22	412	-3-	3
22	413	-3-	3
22	415	-3-	3
22	418	-3-	1
22	419	-3-	1
22	429	-3-	4
22	433	-3-	1
22	449	-3-	1
22	450	-3-	5
22	454	-3-	1
22	460	-3-	1
22	466	-3-	1
22	478	-3-	2
22	481	-3-	2
22	499	-3-	1
22	509	-3-	2
22	510	-3-	1
22	519	-3-	3
22	522	-3-	2
22	526	-3-	5
22	527	-3-	1
22	536	-3-	3
22	537	-3-	5
22	539	-3-	3
22	540	-3-	3
22	542	-3-	4
22	544	-3-	2
22	559	-3-	2
22	598	-3-	2
22	599	-3-	4
22	609	-3-	4
22	614	-3-	4
22	617	-3-	5
22	618	-3-	3
22	638	-3-	1
22	651	-3-	3
22	653	-3-	3
22	671	-3-	1
22	677	-3-	4
22	678	-3-	1
22	681	-3-	4
22	686	-3-	4
22	689	-3-	5
22	690	-3-	1
22	703	-3-	5
22	704	-3-	4
22	705	-3-	4
22	706	-3-	4
22	707	-3-	3
22	708	-3-	3
22	709	-3-	3
22	710	-3-	3
22	711	-3-	3
22	712	-3-	3
22	713	-3-	3
22	714	-3-	4
22	715	-3-	4
22	716	-3-	3
22	717	-3-	3
22	718	-3-	4
22	719	-3-	3
22	720	-3-	3
22	721	-3-	3
22	722	-3-	2
22	723	-3-	1
22	724	-3-	1.5
22	725	-3-	1
22	726	-3-	1
22	727	-3-	2
22	728	-3-	2
22	729	-3-	2
22	730	-3-	1
22	731	-3-	1
22	732	-3-	1
22	737	-3-	1
22	740	-3-	2
22	742	-3-	1
22	743	-3-	2
22	744	-3-	3
22	757	-3-	2
22	762	-3-	4
22	764	-3-	5
22	767	-3-	4
22	773	-3-	4
22	774	-3-	2
22	775	-3-	4
22	780	-3-	4
22	781	-3-	3
22	789	-3-	1
23	1	-3-	3
23	3	-3-	2
23	5	-3-	4
23	8	-3-	4
23	11	-3-	5
23	18	-3-	3
23	20	-3-	4
23	23	-3-	3
23	32	-3-	5
23	33	-3-	4
23	40	-3-	3
23	41	-3-	4
23	44	-3-	4
23	45	-3-	3
23	46	-3-	1
23	50	-3-	2
23	53	-3-	1
23	54	-3-	4
23	64	-3-	4
23	71	-3-	4
23	72	-3-	4
23	73	-3-	4
23	74	-3-	2
23	77	-3-	4
23	79	-3-	5
23	80	-3-	4
23	81	-3-	4
23	83	-3-	5
23	84	-3-	3
23	90	-3-	3
23	91	-3-	3
23	93	-3-	4
23	95	-3-	3
23	100	-3-	2
23	101	-3-	4
23	105	-3-	3
23	107	-3-	4
23	108	-3-	3
23	109	-3-	4
23	110	-3-	3
23	111	-3-	5
23	112	-3-	4
23	116	-3-	3
23	123	-3-	2
23	124	-3-	3
23	125	-3-	3
23	129	-3-	4
23	130	-3-	4
23	137	-3-	4
23	140	-3-	2
23	143	-3-	3
23	157	-3-	1
23	170	-3-	4
23	171	-3-	5
23	172	-3-	3
23	174	-3-	4
23	175	-3-	5
23	176	-3-	5
23	177	-3-	3
23	178	-3-	5
23	179	-3-	4
23	181	-3-	2
23	183	-3-	4
23	185	-3-	3
23	187	-3-	4
23	191	-3-	4
23	192	-3-	3
23	193	-3-	3
23	197	-3-	4
23	207	-3-	4
23	208	-3-	3
23	209	-3-	2
23	210	-3-	3
23	215	-3-	4
23	216	-3-	3
23	217	-3-	5
23	218	-3-	5
23	219	-3-	4
23	220	-3-	5
23	221	-3-	3
23	222	-3-	5
23	223	-3-	2
23	225	-3-	3
23	226	-3-	4
23	227	-3-	2
23	228	-3-	3
23	229	-3-	2
23	230	-3-	3
23	231	-3-	2
23	234	-3-	2
23	239	-3-	4
23	250	-3-	3
23	255	-3-	3
23	263	-3-	4
23	266	-3-	5
23	268	-3-	2
23	269	-3-	4
23	270	-3-	5
23	283	-3-	3
23	284	-3-	3
23	288	-3-	1
23	294	-3-	4
23	295	-3-	3
23	296	-3-	3
23	298	-3-	4
23	302	-3-	3
23	306	-3-	4
23	307	-3-	3
23	308	-3-	1
23	309	-3-	3
23	314	-3-	4
23	318	-3-	3
23	324	-3-	2
23	325	-3-	3
23	326	-3-	2
23	327	-3-	3
23	336	-3-	4
23	337	-3-	4
23	338	-3-	4
23	339	-3-	3
23	340	-3-	4
23	341	-3-	2
23	343	-3-	4
23	346	-3-	3
23	349	-3-	4
23	350	-3-	4
23	351	-3-	3
23	352	-3-	2
23	353	-3-	4
23	354	-3-	2
23	355	-3-	1
23	356	-3-	2
23	357	-3-	2
23	376	-3-	3
23	388	-3-	2
23	401	-3-	5
23	405	-3-	4
23	406	-3-	4
23	407	-3-	3
23	410	-3-	3
23	412	-3-	4
23	413	-3-	4
23	414	-3-	4
23	415	-3-	2
23	417	-3-	4
23	418	-3-	4
23	419	-3-	4
23	420	-3-	5
23	421	-3-	4
23	428	-3-	4
23	435	-3-	4
23	436	-3-	3
23	441	-3-	3
23	442	-3-	4
23	443	-3-	2
23	448	-3-	2
23	461	-3-	3
23	462	-3-	4
23	463	-3-	3
23	464	-3-	3
23	465	-3-	4
23	466	-3-	4
23	467	-3-	1
23	468	-3-	2
23	469	-3-	3
23	470	-3-	2
23	471	-3-	4
23	472	-3-	2
23	473	-3-	2
23	474	-3-	2
23	475	-3-	2
23	476	-3-	4
23	477	-3-	2
23	478	-3-	3
23	480	-3-	2
23	481	-3-	2
23	482	-3-	2
23	483	-3-	3
23	484	-3-	2
23	485	-3-	3
23	486	-3-	2
23	487	-3-	2
23	488	-3-	4
23	491	-3-	3
23	492	-3-	3
23	493	-3-	2
23	495	-3-	3
23	497	-3-	4
23	498	-3-	4
23	499	-3-	5
23	500	-3-	3
23	502	-3-	2
23	519	-3-	4
23	526	-3-	3
23	527	-3-	5
23	528	-3-	3
23	529	-3-	2
23	530	-3-	3
23	533	-3-	3
23	536	-3-	3
23	542	-3-	5
23	544	-3-	3
23	559	-3-	3
23	584	-3-	4
23	594	-3-	5
23	609	-3-	3
23	621	-3-	3
23	622	-3-	4
23	648	-3-	3
23	651	-3-	3
23	653	-3-	4
23	654	-3-	4
23	670	-3-	3
23	676	-3-	2
23	678	-3-	5
23	679	-3-	4
23	680	-3-	4
23	681	-3-	3
23	686	-3-	2
23	690	-3-	4
23	691	-3-	3
23	695	-3-	3
23	705	-3-	4
23	712	-3-	3
23	716	-3-	3
23	719	-3-	4
23	733	-3-	4
23	734	-3-	4
23	735	-3-	5
23	736	-3-	3
23	737	-3-	4
23	738	-3-	4
23	739	-3-	5
23	740	-3-	5
23	741	-3-	5
23	742	-3-	5
23	743	-3-	5
23	744	-3-	5
23	745	-3-	4
23	746	-3-	3
23	747	-3-	3
23	748	-3-	4
23	749	-3-	2
23	750	-3-	2
23	751	-3-	2
23	752	-3-	1
23	753	-3-	1
23	755	-3-	1
23	756	-3-	2
23	757	-3-	2
23	773	-3-	4
23	774	-3-	2
23	780	-3-	2
23	782	-3-	2
24	3	-3-	4
24	4	-3-	3
24	6	-3-	5
24	8	-3-	4
24	11	-3-	5
24	12	-3-	2
24	13	-3-	4
24	17	-3-	4
24	18	-3-	4
24	21	-3-	3
24	26	-3-	1
24	32	-3-	5
24	40	-3-	5
24	41	-3-	5
24	42	-3-	3
24	43	-3-	4
24	46	-3-	3
24	51	-3-	3
24	53	-3-	1
24	56	-3-	3
24	67	-3-	2
24	68	-3-	2
24	70	-3-	2
24	71	-3-	5
24	73	-3-	4
24	74	-3-	4
24	75	-3-	3
24	77	-3-	4
24	79	-3-	5
24	80	-3-	5
24	81	-3-	3
24	83	-3-	4
24	84	-3-	3
24	85	-3-	4
24	86	-3-	3
24	87	-3-	3
24	88	-3-	3
24	90	-3-	4
24	91	-3-	4
24	93	-3-	3
24	94	-3-	3
24	95	-3-	5
24	96	-3-	5
24	100	-3-	3
24	102	-3-	3
24	103	-3-	3
24	106	-3-	3
24	107	-3-	5
24	108	-3-	3
24	109	-3-	4
24	110	-3-	4
24	120	-3-	1
24	121	-3-	3
24	123	-3-	4
24	124	-3-	2
24	125	-3-	2
24	131	-3-	2
24	132	-3-	2
24	135	-3-	3
24	137	-3-	4
24	140	-3-	2
24	146	-3-	3
24	147	-3-	2
24	149	-3-	3
24	150	-3-	3
24	154	-3-	2
24	157	-3-	1
24	170	-3-	3
24	172	-3-	5
24	174	-3-	3
24	175	-3-	5
24	176	-3-	5
24	179	-3-	5
24	180	-3-	3
24	188	-3-	4
24	192	-3-	3
24	193	-3-	5
24	194	-3-	4
24	197	-3-	2
24	207	-3-	3
24	208	-3-	1
24	209	-3-	4
24	210	-3-	3
24	214	-3-	3
24	216	-3-	5
24	219	-3-	4
24	220	-3-	5
24	221	-3-	4
24	222	-3-	4
24	223	-3-	5
24	226	-3-	5
24	227	-3-	2
24	231	-3-	4
24	232	-3-	3
24	234	-3-	3
24	235	-3-	2
24	241	-3-	3
24	250	-3-	3
24	252	-3-	3
24	253	-3-	3
24	255	-3-	5
24	258	-3-	2
24	261	-3-	1
24	267	-3-	3
24	270	-3-	3
24	275	-3-	2
24	283	-3-	4
24	284	-3-	3
24	290	-3-	3
24	291	-3-	4
24	292	-3-	3
24	294	-3-	4
24	295	-3-	3
24	296	-3-	4
24	298	-3-	4
24	302	-3-	3
24	308	-3-	4
24	309	-3-	2
24	312	-3-	1
24	314	-3-	5
24	319	-3-	4
24	320	-3-	1
24	322	-3-	4
24	325	-3-	5
24	326	-3-	1
24	327	-3-	4
24	328	-3-	4
24	330	-3-	3
24	336	-3-	3
24	337	-3-	3
24	338	-3-	4
24	339	-3-	5
24	340	-3-	4
24	341	-3-	3
24	343	-3-	4
24	349	-3-	5
24	350	-3-	5
24	352	-3-	4
24	353	-3-	1
24	355	-3-	2
24	356	-3-	2
24	357	-3-	2
24	373	-3-	3
24	375	-3-	4
24	376	-3-	3
24	378	-3-	2
24	379	-3-	3
24	381	-3-	4
24	382	-3-	3
24	383	-3-	4
24	384	-3-	3
24	387	-3-	3
24	388	-3-	4
24	390	-3-	3
24	391	-3-	4
24	399	-3-	2
24	401	-3-	3
24	404	-3-	4
24	405	-3-	3
24	406	-3-	4
24	408	-3-	3
24	410	-3-	4
24	412	-3-	5
24	415	-3-	4
24	419	-3-	4
24	420	-3-	5
24	421	-3-	5
24	423	-3-	5
24	428	-3-	3
24	433	-3-	3
24	435	-3-	3
24	436	-3-	3
24	442	-3-	3
24	449	-3-	4
24	454	-3-	4
24	465	-3-	3
24	470	-3-	3
24	479	-3-	3
24	491	-3-	4
24	492	-3-	5
24	493	-3-	5
24	495	-3-	3
24	496	-3-	3
24	497	-3-	4
24	498	-3-	4
24	499	-3-	3
24	500	-3-	2
24	508	-3-	3
24	509	-3-	3
24	510	-3-	2
24	515	-3-	1
24	521	-3-	3
24	522	-3-	5
24	526	-3-	4
24	529	-3-	2
24	533	-3-	1
24	534	-3-	1
24	535	-3-	2
24	539	-3-	3
24	541	-3-	5
24	544	-3-	3
24	559	-3-	1
24	576	-3-	3
24	584	-3-	3
24	588	-3-	2
24	590	-3-	1
24	599	-3-	2
24	604	-3-	3
24	609	-3-	5
24	614	-3-	5
24	615	-3-	4
24	616	-3-	3
24	617	-3-	3
24	618	-3-	3
24	619	-3-	5
24	621	-3-	4
24	622	-3-	3
24	623	-3-	2
24	624	-3-	3
24	625	-3-	3
24	626	-3-	4
24	627	-3-	4
24	630	-3-	4
24	631	-3-	3
24	632	-3-	3
24	633	-3-	3
24	634	-3-	3
24	648	-3-	4
24	649	-3-	4
24	651	-3-	3
24	652	-3-	4
24	653	-3-	5
24	671	-3-	3
24	675	-3-	4
24	676	-3-	3
24	678	-3-	4
24	680	-3-	3
24	681	-3-	4
24	690	-3-	4
24	705	-3-	4
24	709	-3-	1
24	712	-3-	4
24	715	-3-	3
24	717	-3-	3
24	718	-3-	4
24	719	-3-	4
24	721	-3-	4
24	737	-3-	3
24	738	-3-	2
24	743	-3-	4
24	744	-3-	3
24	754	-3-	5
24	756	-3-	3
24	757	-3-	3
24	758	-3-	5
24	759	-3-	5
24	760	-3-	5
24	761	-3-	5
24	762	-3-	4
24	763	-3-	3
24	764	-3-	4
24	765	-3-	4
24	766	-3-	4
24	767	-3-	3
24	768	-3-	4
24	769	-3-	4
24	770	-3-	4
24	771	-3-	5
24	772	-3-	5
24	773	-3-	3
24	774	-3-	5
24	775	-3-	5
24	776	-3-	2
24	777	-3-	2
24	778	-3-	1
24	779	-3-	2
24	782	-3-	3
24	783	-3-	4
24	787	-3-	3
25	1	-3-	4
25	2	-3-	4
25	3	-3-	3
25	4	-3-	3
25	5	-3-	4
25	6	-3-	3
25	8	-3-	4
25	9	-3-	4
25	10	-3-	4
25	11	-3-	3
25	12	-3-	3
25	16	-3-	3
25	17	-3-	3
25	18	-3-	3
25	20	-3-	4
25	21	-3-	3
25	23	-3-	3
25	26	-3-	2
25	29	-3-	4
25	30	-3-	3
25	31	-3-	3
25	32	-3-	4
25	35	-3-	4
25	39	-3-	3
25	41	-3-	4
25	42	-3-	4
25	43	-3-	4
25	45	-3-	2
25	46	-3-	3
25	49	-3-	4
25	51	-3-	4
25	53	-3-	4
25	54	-3-	4
25	64	-3-	3
25	65	-3-	4
25	69	-3-	3
25	70	-3-	4
25	71	-3-	4
25	73	-3-	4
25	75	-3-	3
25	77	-3-	4
25	79	-3-	4
25	81	-3-	5
25	83	-3-	3
25	84	-3-	3
25	85	-3-	3
25	88	-3-	3
25	89	-3-	3
25	90	-3-	4
25	91	-3-	3
25	94	-3-	3
25	95	-3-	3
25	96	-3-	4
25	97	-3-	3
25	99	-3-	4
25	100	-3-	3
25	103	-3-	4
25	106	-3-	3
25	107	-3-	4
25	108	-3-	4
25	110	-3-	4
25	112	-3-	4
25	116	-3-	4
25	119	-3-	4
25	120	-3-	4
25	121	-3-	4
25	125	-3-	4
25	128	-3-	4
25	131	-3-	4
25	137	-3-	3
25	140	-3-	3
25	142	-3-	4
25	143	-3-	5
25	146	-3-	3
25	148	-3-	4
25	149	-3-	4
25	150	-3-	4
25	153	-3-	4
25	164	-3-	3
25	171	-3-	3
25	172	-3-	3
25	173	-3-	2
25	174	-3-	2
25	175	-3-	3
25	176	-3-	3
25	177	-3-	4
25	179	-3-	3
25	180	-3-	3
25	181	-3-	2
25	182	-3-	4
25	183	-3-	4
25	185	-3-	4
25	186	-3-	4
25	187	-3-	3
25	189	-3-	3
25	191	-3-	4
25	192	-3-	3
25	193	-3-	3
25	194	-3-	4
25	196	-3-	3
25	197	-3-	3
25	198	-3-	3
25	199	-3-	2
25	200	-3-	4
25	203	-3-	4
25	205	-3-	3
25	207	-3-	4
25	208	-3-	3
25	209	-3-	3
25	210	-3-	3
25	211	-3-	3
25	212	-3-	4
25	213	-3-	1
25	214	-3-	4
25	215	-3-	5
25	216	-3-	3
25	217	-3-	4
25	218	-3-	3
25	219	-3-	3
25	220	-3-	4
25	221	-3-	3
25	222	-3-	3
25	223	-3-	3
25	224	-3-	3
25	225	-3-	4
25	226	-3-	4
25	229	-3-	2
25	230	-3-	3
25	232	-3-	3
25	233	-3-	4
25	234	-3-	3
25	239	-3-	4
25	242	-3-	4
25	246	-3-	3
25	247	-3-	4
25	248	-3-	2
25	249	-3-	3
25	250	-3-	3
25	251	-3-	4
25	252	-3-	4
25	253	-3-	3
25	254	-3-	3
25	255	-3-	4
25	258	-3-	2
25	260	-3-	3
25	261	-3-	4
25	263	-3-	3
25	266	-3-	2
25	267	-3-	3
25	268	-3-	3
25	270	-3-	4
25	273	-3-	3
25	275	-3-	1
25	276	-3-	2
25	279	-3-	3
25	280	-3-	3
25	282	-3-	3
25	283	-3-	3
25	284	-3-	4
25	287	-3-	3
25	288	-3-	3
25	289	-3-	2
25	293	-3-	3
25	294	-3-	1
25	295	-3-	3
25	296	-3-	3
25	302	-3-	3
25	304	-3-	3
25	307	-3-	3
25	308	-3-	4
25	309	-3-	4
25	310	-3-	3
25	314	-3-	4
25	319	-3-	3
25	320	-3-	2
25	321	-3-	3
25	322	-3-	3
25	323	-3-	3
25	324	-3-	2
25	325	-3-	4
25	326	-3-	3
25	328	-3-	3
25	329	-3-	2
25	330	-3-	4
25	332	-3-	2
25	333	-3-	3
25	334	-3-	4
25	335	-3-	4
25	336	-3-	4
25	337	-3-	3
25	338	-3-	4
25	339	-3-	4
25	340	-3-	4
25	341	-3-	3
25	343	-3-	4
25	344	-3-	4
25	345	-3-	4
25	346	-3-	4
25	347	-3-	4
25	348	-3-	4
25	349	-3-	3
25	350	-3-	4
25	352	-3-	2
25	353	-3-	2
25	354	-3-	2
25	371	-3-	4
25	376	-3-	3
25	381	-3-	3
25	382	-3-	2
25	383	-3-	3
25	384	-3-	4
25	386	-3-	5
25	391	-3-	4
25	401	-3-	4
25	402	-3-	3
25	404	-3-	4
25	405	-3-	4
25	406	-3-	4
25	407	-3-	4
25	408	-3-	2
25	409	-3-	2
25	410	-3-	3
25	411	-3-	3
25	412	-3-	3
25	418	-3-	4
25	419	-3-	4
25	425	-3-	3
25	428	-3-	4
25	429	-3-	2
25	433	-3-	3
25	435	-3-	3
25	436	-3-	4
25	437	-3-	4
25	442	-3-	2
25	450	-3-	4
25	451	-3-	5
25	463	-3-	3
25	464	-3-	3
25	465	-3-	4
25	466	-3-	4
25	469	-3-	4
25	470	-3-	4
25	479	-3-	4
25	483	-3-	3
25	488	-3-	3
25	492	-3-	4
25	494	-3-	4
25	495	-3-	4
25	496	-3-	4
25	497	-3-	3
25	498	-3-	4
25	499	-3-	4
25	501	-3-	2
25	508	-3-	4
25	519	-3-	4
25	520	-3-	4
25	522	-3-	2
25	524	-3-	3
25	526	-3-	3
25	527	-3-	4
25	529	-3-	3
25	535	-3-	3
25	536	-3-	2
25	537	-3-	3
25	544	-3-	3
25	559	-3-	2
25	576	-3-	4
25	588	-3-	4
25	598	-3-	3
25	599	-3-	3
25	609	-3-	3
25	614	-3-	3
25	616	-3-	4
25	617	-3-	3
25	620	-3-	3
25	622	-3-	3
25	623	-3-	3
25	624	-3-	4
25	625	-3-	4
25	626	-3-	4
25	627	-3-	3
25	628	-3-	3
25	630	-3-	4
25	631	-3-	3
25	633	-3-	3
25	634	-3-	3
25	635	-3-	3
25	647	-3-	4
25	648	-3-	3
25	649	-3-	3
25	651	-3-	5
25	652	-3-	3
25	653	-3-	4
25	664	-3-	3
25	666	-3-	4
25	669	-3-	3
25	670	-3-	3
25	671	-3-	3
25	677	-3-	2
25	678	-3-	4
25	680	-3-	3
25	681	-3-	4
25	683	-3-	2
25	686	-3-	3
25	687	-3-	3
25	688	-3-	3
25	689	-3-	4
25	690	-3-	4
25	691	-3-	4
25	692	-3-	2
25	693	-3-	3
25	694	-3-	4
25	695	-3-	2
25	696	-3-	4
25	703	-3-	4
25	707	-3-	2
25	710	-3-	4
25	711	-3-	3
25	712	-3-	3
25	716	-3-	2
25	717	-3-	3
25	718	-3-	2
25	719	-3-	3
25	720	-3-	3
25	721	-3-	3
25	735	-3-	3
25	736	-3-	3
25	743	-3-	3
25	748	-3-	3
25	758	-3-	4
25	759	-3-	4
25	763	-3-	4
25	765	-3-	2
25	769	-3-	3
25	770	-3-	3
25	771	-3-	3
25	774	-3-	5
25	780	-3-	3
25	781	-3-	3
25	782	-3-	3
25	783	-3-	3
25	784	-3-	2
25	785	-3-	3
25	786	-3-	3
25	787	-3-	3
25	788	-3-	3
25	789	-3-	3
25	790	-3-	2
25	791	-3-	2
25	792	-3-	2